  5.0000000e+001  2.0000000e+002  3.0630528e+000  4.1990251e-002  1.0000000e+000             Inf
  1.8936642e+001  2.0000000e+002  4.3935989e-001  2.0408760e+000  1.0000000e+000             Inf
  5.0000000e+001  2.0000000e+002  3.0630528e+000  4.1990251e-002  1.0000000e+000             Inf
  3.1165137e+001  2.0000002e+002  1.1900154e+000  2.7819700e-001  1.0000000e+000  1.8931425e-002
  3.1458533e+001  2.0000126e+002  1.2125346e+000  2.6796793e-001  1.0000000e+000  1.4164474e-002
  3.6369625e+001  2.0000000e+002  1.6206608e+000  1.4999376e-001  1.0000000e+000  1.0908441e-002
  3.1007657e+001  2.0000003e+002  1.1780194e+000  2.8389182e-001  1.0000000e+000  7.6796354e-003
  2.3153662e+001  2.0000000e+002  6.5683134e-001  9.1316596e-001  1.0000000e+000  7.6460328e-003
  4.6783025e+001  2.0000000e+002  2.6815820e+000  5.4786718e-002  1.0000000e+000  7.5165234e-003
  2.9278444e+001  2.0000302e+002  1.0503088e+000  3.5715452e-001  1.0000000e+000  7.4346652e-003
  3.1054024e+001  2.0000000e+002  1.1815450e+000  2.8219996e-001  1.0000000e+000  7.4211736e-003
  3.2482721e+001  2.0000061e+002  1.2927680e+000  2.3573434e-001  1.0000000e+000  7.4159228e-003
  2.3206713e+001  2.0000000e+002  6.5984473e-001  9.0484460e-001  1.0000000e+000  7.3948847e-003
  2.4541449e+001  2.0000028e+002  7.3793054e-001  7.2348496e-001  1.0000000e+000  7.2953724e-003
  2.9144467e+001  2.0000000e+002  1.0407028e+000  3.6375087e-001  1.0000000e+000  7.2679788e-003
  2.4701383e+001  2.0000000e+002  7.4757887e-001  7.0492584e-001  1.0000000e+000  7.2073675e-003
  4.8800943e+001  2.0000092e+002  2.9179168e+000  4.6272358e-002  1.0000000e+000  6.9764741e-003
  3.6216323e+001  2.0000127e+002  1.6070373e+000  1.5255250e-001  1.0000000e+000  6.8623850e-003
  4.4507320e+001  2.0000000e+002  2.4270425e+000  6.6880990e-002  1.0000000e+000  6.8325321e-003
  2.4623008e+001  2.0000029e+002  7.4284347e-001  7.1394699e-001  1.0000000e+000  6.6582660e-003
  2.4618796e+001  2.0000004e+002  7.4258847e-001  7.1443297e-001  1.0000000e+000  6.6441668e-003
  3.0103040e+001  2.0000002e+002  1.1102869e+000  3.1958560e-001  1.0000000e+000  6.3773970e-003
  3.0891844e+001  2.0000000e+002  1.1692359e+000  2.8817291e-001  1.0000000e+000  6.3446946e-003
  2.6216734e+001  2.0000008e+002  8.4211582e-001  5.5553917e-001  1.0000000e+000  6.3272617e-003
  2.0231014e+001  2.0000003e+002  5.0147565e-001  1.5666000e+000  1.0000000e+000  6.2713144e-003
  2.8087665e+001  2.0000325e+002  9.6661339e-001  4.2168397e-001  1.0000000e+000  6.2589757e-003
  4.8679210e+001  2.0000001e+002  2.9033644e+000  4.6736317e-002  1.0000000e+000  6.2317755e-003
  3.5860595e+001  2.0001693e+002  1.5757460e+000  1.5873357e-001  1.0000000e+000  6.1164674e-003
  2.1968290e+001  2.0000000e+002  5.9129880e-001  1.1267913e+000  1.0000000e+000  6.0911709e-003
  1.9163877e+001  2.0000004e+002  4.4996766e-001  1.9457867e+000  1.0000000e+000  6.0424590e-003
  3.5938570e+001  2.0000006e+002  1.5824726e+000  1.5732064e-001  1.0000000e+000  6.0128639e-003
  2.4866367e+001  2.0000001e+002  7.5759864e-001  6.8640308e-001  1.0000000e+000  6.0004049e-003
  3.3291575e+001  2.0000038e+002  1.3579506e+000  2.1364543e-001  1.0000000e+000  5.9708171e-003
  4.2558890e+001  2.0000008e+002  2.2191937e+000  7.9995919e-002  1.0000000e+000  5.9317524e-003
  2.6300309e+001  2.0000000e+002  8.4749315e-001  5.4851064e-001  1.0000000e+000  5.8313309e-003
  4.6664514e+001  2.0000000e+002  2.6680132e+000  5.5345398e-002  1.0000000e+000  5.8146517e-003
  2.1562287e+001  2.0000032e+002  5.6964569e-001  1.2140912e+000  1.0000000e+000  5.8053326e-003
  2.4030824e+001  2.0009470e+002  7.0787637e-001  7.8808053e-001  1.0000000e+000  5.7265941e-003
  2.3592409e+001  2.0000782e+002  6.8198692e-001  8.4720852e-001  1.0000000e+000  5.6936907e-003
  4.0624678e+001  2.0001533e+002  2.0222164e+000  9.6375946e-002  1.0000000e+000  5.6846709e-003
  3.4131671e+001  2.0000031e+002  1.4273493e+000  1.9337499e-001  1.0000000e+000  5.6319073e-003
  2.5147683e+001  2.0000002e+002  7.7483720e-001  6.5620072e-001  1.0000000e+000  5.6203118e-003
  4.4045402e+001  2.0000000e+002  2.3769259e+000  6.9731044e-002  1.0000000e+000  5.6017029e-003
  3.1757636e+001  2.0000066e+002  1.2356977e+000  2.5801213e-001  1.0000000e+000  5.5760047e-003
  2.1802095e+001  2.0000032e+002  5.8238694e-001  1.1615494e+000  1.0000000e+000  5.5741890e-003
  4.0537229e+001  2.0001474e+002  2.0135138e+000  9.7209405e-002  1.0000000e+000  5.5702973e-003
  2.8040106e+001  2.0000000e+002  9.6332709e-001  4.2453148e-001  1.0000000e+000  5.5615854e-003
  3.2256357e+001  2.0000062e+002  1.2748130e+000  2.4242159e-001  1.0000000e+000  5.5019984e-003
  3.3981543e+001  2.0000031e+002  1.4148205e+000  1.9681495e-001  1.0000000e+000  5.4444770e-003
  2.2879162e+001  2.0000364e+002  6.4136110e-001  9.5783730e-001  1.0000000e+000  5.4230390e-003
  3.5000262e+001  2.0000164e+002  1.5009307e+000  1.7488557e-001  1.0000000e+000  5.4046630e-003
  4.4579832e+001  2.0000001e+002  2.4349573e+000  6.6446917e-002  1.0000000e+000  5.4036216e-003
  4.4426544e+001  2.0000000e+002  2.4182408e+000  6.7368731e-002  1.0000000e+000  5.3900385e-003
  2.1837938e+001  2.0000500e+002  5.8431711e-001  1.1540230e+000  1.0000000e+000  5.3898228e-003
  2.2834690e+001  2.0000000e+002  6.3885854e-001  9.6526830e-001  1.0000000e+000  5.3893251e-003
  3.3866353e+001  2.0000032e+002  1.4052450e+000  1.9950639e-001  1.0000000e+000  5.3848890e-003
  2.1693272e+001  2.0000000e+002  5.7658667e-001  1.1850270e+000  1.0000000e+000  5.3545790e-003
  3.8264081e+001  2.0000000e+002  1.7938952e+000  1.2242309e-001  1.0000000e+000  5.2519061e-003
  3.2405127e+001  2.0000000e+002  1.2865953e+000  2.3799814e-001  1.0000000e+000  5.2341037e-003
  2.0880317e+001  2.0000005e+002  5.3418141e-001  1.3806399e+000  1.0000000e+000  5.2187483e-003
  2.1608598e+001  2.0000072e+002  5.7209642e-001  1.2037238e+000  1.0000000e+000  5.1770331e-003
  3.2992856e+001  2.0000064e+002  1.3336924e+000  2.2148944e-001  1.0000000e+000  5.1683792e-003
  1.8975153e+001  2.0000067e+002  4.4115024e-001  2.0243784e+000  1.0000000e+000  5.1293246e-003
  4.4120669e+001  2.0007485e+002  2.3859490e+000  6.9334222e-002  1.0000000e+000  5.1000595e-003
  3.4894023e+001  2.0000000e+002  1.4918205e+000  1.7702081e-001  1.0000000e+000  5.0757290e-003
  2.3559903e+001  2.0000000e+002  6.8008232e-001  8.5179381e-001  1.0000000e+000  5.0745729e-003
  1.8986242e+001  2.0000003e+002  4.4166455e-001  2.0196339e+000  1.0000000e+000  5.0695123e-003
  4.6370383e+001  2.0000008e+002  2.6344868e+000  5.6763119e-002  1.0000000e+000  5.0693018e-003
  3.1841534e+001  2.0000000e+002  1.2422313e+000  2.5530101e-001  1.0000000e+000  5.0683631e-003
  2.3914965e+001  2.0000000e+002  7.0073528e-001  8.0232350e-001  1.0000000e+000  5.0524123e-003
  2.6723089e+001  2.0000058e+002  8.7496170e-001  5.1461879e-001  1.0000000e+000  5.0468540e-003
  2.0202838e+001  2.0000000e+002  5.0007973e-001  1.5753568e+000  1.0000000e+000  5.0053583e-003
  2.3750108e+001  2.0000000e+002  6.9110757e-001  8.2483323e-001  1.0000000e+000  4.9893699e-003
  3.8367795e+001  2.0000000e+002  1.8036329e+000  1.2110474e-001  1.0000000e+000  4.9764672e-003
  3.8182692e+001  2.0000002e+002  1.7862722e+000  1.2347028e-001  1.0000000e+000  4.9539877e-003
  3.2201641e+001  2.0000114e+002  1.2704950e+000  2.4407536e-001  1.0000000e+000  4.9358578e-003
  3.7967672e+001  2.0000001e+002  1.7662104e+000  1.2629109e-001  1.0000000e+000  4.9344777e-003
  3.2147268e+001  2.0000000e+002  1.2662009e+000  2.4572662e-001  1.0000000e+000  4.9334260e-003
  3.1720001e+001  2.0000024e+002  1.2327681e+000  2.5923720e-001  1.0000000e+000  4.9113022e-003
  2.5095653e+001  2.0000000e+002  7.7163422e-001  6.6165945e-001  1.0000000e+000  4.9009528e-003
  4.3800344e+001  2.0000000e+002  2.3505502e+000  7.1304743e-002  1.0000000e+000  4.8918534e-003
  3.8099638e+001  2.0000002e+002  1.7785096e+000  1.2455042e-001  1.0000000e+000  4.8636336e-003
  2.1539273e+001  2.0002615e+002  5.6850375e-001  1.2197610e+000  1.0000000e+000  4.8541077e-003
  2.4821916e+001  2.0000065e+002  7.5489487e-001  6.9133974e-001  1.0000000e+000  4.8428497e-003
  2.3463073e+001  2.0000002e+002  6.7450366e-001  8.6594247e-001  1.0000000e+000  4.8420007e-003
  2.3620544e+001  2.0000033e+002  6.8358889e-001  8.4308429e-001  1.0000000e+000  4.8045594e-003
  3.4070419e+001  2.0000067e+002  1.4222334e+000  1.9477041e-001  1.0000000e+000  4.7939451e-003
  3.2907672e+001  2.0000036e+002  1.3268125e+000  2.2379079e-001  1.0000000e+000  4.7877081e-003
  3.2570462e+001  2.0000000e+002  1.2997574e+000  2.3320230e-001  1.0000000e+000  4.7864150e-003
  3.0186174e+001  2.0000000e+002  1.1164278e+000  3.1607939e-001  1.0000000e+000  4.7231364e-003
  4.5398464e+001  2.0000000e+002  2.5252059e+000  6.1782270e-002  1.0000000e+000  4.7226892e-003
  2.6649322e+001  2.0000001e+002  8.7013544e-001  5.2033603e-001  1.0000000e+000  4.7202925e-003
  2.1994400e+001  2.0002633e+002  5.9278319e-001  1.1218932e+000  1.0000000e+000  4.7187000e-003
  2.6968708e+001  2.0000057e+002  8.9111966e-001  4.9612560e-001  1.0000000e+000  4.7107443e-003
  3.1650878e+001  2.0000121e+002  1.2274071e+000  2.6151300e-001  1.0000000e+000  4.7087078e-003
  2.4898690e+001  2.0000836e+002  7.5960119e-001  6.8293117e-001  1.0000000e+000  4.6821155e-003
  4.3430053e+001  2.0000006e+002  2.3109755e+000  7.3767905e-002  1.0000000e+000  4.6612521e-003
  3.5147130e+001  2.0000169e+002  1.5135539e+000  1.7198084e-001  1.0000000e+000  4.6535608e-003
  3.3218948e+001  2.0000065e+002  1.3520341e+000  2.1552083e-001  1.0000000e+000  4.6533506e-003
  3.9808234e+001  2.0000003e+002  1.9416027e+000  1.0450499e-001  1.0000000e+000  4.6230142e-003
  3.7533828e+001  2.0000091e+002  1.7260850e+000  1.3223396e-001  1.0000000e+000  4.6188236e-003
  2.2457841e+001  2.0002485e+002  6.1802272e-001  1.0320920e+000  1.0000000e+000  4.6041147e-003
  2.1283281e+001  2.0000076e+002  5.5500039e-001  1.2790252e+000  1.0000000e+000  4.5974965e-003
  3.5697724e+001  2.0000007e+002  1.5613335e+000  1.6160949e-001  1.0000000e+000  4.5955442e-003
  4.1915948e+001  2.0000007e+002  2.1526490e+000  8.5018167e-002  1.0000000e+000  4.5796228e-003
  2.1070617e+001  2.0000133e+002  5.4396613e-001  1.3314601e+000  1.0000000e+000  4.5751867e-003
  4.6969605e+001  2.0000046e+002  2.7030202e+000  5.3921733e-002  1.0000000e+000  4.5694582e-003
  4.2653771e+001  2.0000020e+002  2.2291012e+000  7.9286649e-002  1.0000000e+000  4.5327311e-003
  4.1952853e+001  2.0000041e+002  2.1564449e+000  8.4719850e-002  1.0000000e+000  4.5285827e-003
  2.0613735e+001  2.0000006e+002  5.2062856e-001  1.4534568e+000  1.0000000e+000  4.5212938e-003
  2.8397579e+001  2.0000000e+002  9.8804585e-001  4.0355548e-001  1.0000000e+000  4.5121213e-003
  4.3367287e+001  2.0000000e+002  2.3042999e+000  7.4195824e-002  1.0000000e+000  4.5063260e-003
  1.9325950e+001  2.0000395e+002  4.5761973e-001  1.8814419e+000  1.0000000e+000  4.5045738e-003
  4.1846876e+001  2.0000000e+002  2.1455595e+000  8.5580798e-002  1.0000000e+000  4.5015280e-003
  3.6474698e+001  2.0000032e+002  1.6300413e+000  1.4827358e-001  1.0000000e+000  4.4956970e-003
  3.2680010e+001  2.0000063e+002  1.3085195e+000  2.3009323e-001  1.0000000e+000  4.4769693e-003
  4.7365439e+001  2.0000090e+002  2.7487774e+000  5.2142045e-002  1.0000000e+000  4.4724518e-003
  1.9502569e+001  2.0000000e+002  4.6601312e-001  1.8140998e+000  1.0000000e+000  4.4529857e-003
  2.5051753e+001  2.0000004e+002  7.6893710e-001  6.6630989e-001  1.0000000e+000  4.4469956e-003
  2.3130501e+001  2.0000024e+002  6.5551870e-001  9.1683232e-001  1.0000000e+000  4.4441327e-003
  3.3857399e+001  2.0000034e+002  1.4045022e+000  1.9971759e-001  1.0000000e+000  4.4436899e-003
  4.5334064e+001  2.0000000e+002  2.5180467e+000  6.2134080e-002  1.0000000e+000  4.4081788e-003
  2.5192085e+001  2.0000002e+002  7.7757583e-001  6.5158654e-001  1.0000000e+000  4.4072524e-003
  2.4067278e+001  2.0002020e+002  7.0976128e-001  7.8244202e-001  1.0000000e+000  4.3803088e-003
  3.2778557e+001  2.0000008e+002  1.3164195e+000  2.2733677e-001  1.0000000e+000  4.3777046e-003
  3.7887786e+001  2.0000126e+002  1.7587968e+000  1.2736197e-001  1.0000000e+000  4.3741858e-003
  3.9891512e+001  2.0000003e+002  1.9497348e+000  1.0363506e-001  1.0000000e+000  4.3713745e-003
  2.1480215e+001  2.0000035e+002  5.6531756e-001  1.2327536e+000  1.0000000e+000  4.3495953e-003
  3.3764106e+001  2.0000034e+002  1.3967727e+000  2.0193411e-001  1.0000000e+000  4.3370311e-003
  4.1457621e+001  2.0000039e+002  2.1058337e+000  8.8841017e-002  1.0000000e+000  4.3328506e-003
  2.3977877e+001  2.0000443e+002  7.0444253e-001  7.9398893e-001  1.0000000e+000  4.3180796e-003
  4.4797060e+001  2.0000007e+002  2.4587460e+000  6.5167479e-002  1.0000000e+000  4.2977553e-003
  2.0632132e+001  2.0000001e+002  5.2155811e-001  1.4482786e+000  1.0000000e+000  4.2948010e-003
  2.0926044e+001  2.0000000e+002  5.3652352e-001  1.3686106e+000  1.0000000e+000  4.2836457e-003
  3.9977514e+001  2.0000000e+002  1.9581505e+000  1.0274610e-001  1.0000000e+000  4.2759342e-003
  4.5929592e+001  2.0000007e+002  2.5846384e+000  5.8973730e-002  1.0000000e+000  4.2705923e-003
  3.5074981e+001  2.0000155e+002  1.5073452e+000  1.7339989e-001  1.0000000e+000  4.2626634e-003
  4.6450738e+001  2.0000000e+002  2.6436242e+000  5.6371296e-002  1.0000000e+000  4.2588718e-003
  4.7278791e+001  2.0000007e+002  2.7387183e+000  5.2524690e-002  1.0000000e+000  4.2561725e-003
  4.2371263e+001  2.0000000e+002  2.1996688e+000  8.1422206e-002  1.0000000e+000  4.2558449e-003
  4.7612682e+001  2.0000002e+002  2.7775368e+000  5.1066725e-002  1.0000000e+000  4.2341426e-003
  2.1670573e+001  2.0000695e+002  5.7540068e-001  1.1901238e+000  1.0000000e+000  4.2240212e-003
  3.0822004e+001  2.0000000e+002  1.1639551e+000  2.9079369e-001  1.0000000e+000  4.1985309e-003
  4.4628444e+001  2.0000002e+002  2.4402708e+000  6.6157889e-002  1.0000000e+000  4.1913891e-003
  2.8434490e+001  2.0000000e+002  9.9061606e-001  4.0146410e-001  1.0000000e+000  4.1696687e-003
  1.9946156e+001  2.0000300e+002  4.8746048e-001  1.6581019e+000  1.0000000e+000  4.1683048e-003
  2.3503672e+001  2.0000825e+002  6.7686775e-001  8.6008101e-001  1.0000000e+000  4.1666925e-003
  3.8877460e+001  2.0000007e+002  1.8518696e+000  1.1487814e-001  1.0000000e+000  4.1518234e-003
  4.6040228e+001  2.0000000e+002  2.5971044e+000  5.8408850e-002  1.0000000e+000  4.1491882e-003
  2.2305743e+001  2.0000000e+002  6.0960411e-001  1.0601362e+000  1.0000000e+000  4.1491834e-003
  2.3062230e+001  2.0000390e+002  6.5166672e-001  9.2778789e-001  1.0000000e+000  4.1423186e-003
  3.0019943e+001  2.0000336e+002  1.1041842e+000  3.2315503e-001  1.0000000e+000  4.1296119e-003
  4.5438742e+001  2.0000001e+002  2.5296887e+000  6.1563506e-002  1.0000000e+000  4.1242658e-003
  1.9150687e+001  2.0000000e+002  4.4934838e-001  1.9511519e+000  1.0000000e+000  4.1107752e-003
  4.5782372e+001  2.0000003e+002  2.5680952e+000  5.9735912e-002  1.0000000e+000  4.0989321e-003
  1.9069086e+001  2.0000005e+002  4.4552731e-001  1.9847662e+000  1.0000000e+000  4.0890883e-003
  2.3346546e+001  2.0000000e+002  6.6782054e-001  8.8336036e-001  1.0000000e+000  4.0889209e-003
  4.7914143e+001  2.0000003e+002  2.8128202e+000  4.9793628e-002  1.0000000e+000  4.0880229e-003
  3.5789079e+001  2.0000078e+002  1.5693406e+000  1.5996740e-001  1.0000000e+000  4.0861564e-003
  4.4909416e+001  2.0000000e+002  2.4710943e+000  6.4517698e-002  1.0000000e+000  4.0700096e-003
  4.8500044e+001  2.0000000e+002  2.8820317e+000  4.7430746e-002  1.0000000e+000  4.0661529e-003
  3.3024391e+001  2.0000064e+002  1.3362432e+000  2.2064462e-001  1.0000000e+000  4.0659861e-003
  2.3943023e+001  2.0002439e+002  7.0246613e-001  7.9886147e-001  1.0000000e+000  4.0614083e-003
  2.6492048e+001  2.0009855e+002  8.6031899e-001  5.3359060e-001  1.0000000e+000  4.0442550e-003
  3.2323488e+001  2.0000063e+002  1.2801247e+000  2.4041397e-001  1.0000000e+000  4.0418006e-003
  3.2623990e+001  2.0000061e+002  1.3040371e+000  2.3167767e-001  1.0000000e+000  4.0392723e-003
  4.3107463e+001  2.0000000e+002  2.2767713e+000  7.6000882e-002  1.0000000e+000  4.0377321e-003
  2.7649837e+001  2.0004276e+002  9.3689836e-001  4.4930027e-001  1.0000000e+000  4.0351885e-003
  4.7334313e+001  2.0000009e+002  2.7451548e+000  5.2278694e-002  1.0000000e+000  4.0253625e-003
  3.7469403e+001  2.0000091e+002  1.7201645e+000  1.3314575e-001  1.0000000e+000  4.0211969e-003
  2.8151470e+001  2.0000316e+002  9.7100951e-001  4.1787343e-001  1.0000000e+000  3.9975825e-003
  4.7430595e+001  2.0000007e+002  2.7563336e+000  5.1855483e-002  1.0000000e+000  3.9887241e-003
  2.2432387e+001  2.0000040e+002  6.1654723e-001  1.0364041e+000  1.0000000e+000  3.9631554e-003
  3.1533537e+001  2.0000000e+002  1.2183157e+000  2.6542250e-001  1.0000000e+000  3.9619282e-003
  4.2117197e+001  2.0000037e+002  2.1733727e+000  8.3405188e-002  1.0000000e+000  3.9555026e-003
  3.8719783e+001  2.0000000e+002  1.8368780e+000  1.1676074e-001  1.0000000e+000  3.9487577e-003
  4.4272892e+001  2.0000000e+002  2.4015425e+000  6.8308847e-002  1.0000000e+000  3.9249003e-003
  2.0901700e+001  2.0000060e+002  5.3527750e-001  1.3750104e+000  1.0000000e+000  3.8955992e-003
  2.1233761e+001  2.0000000e+002  5.5241867e-001  1.2909838e+000  1.0000000e+000  3.8743023e-003
  2.4999657e+001  2.0000000e+002  7.6574220e-001  6.7188089e-001  1.0000000e+000  3.8690547e-003
  1.8997095e+001  2.0000000e+002  4.4216958e-001  2.0150216e+000  1.0000000e+000  3.8663694e-003
  2.6174850e+001  2.0000056e+002  8.3942922e-001  5.5910754e-001  1.0000000e+000  3.8639457e-003
  2.8977655e+001  2.0000302e+002  1.0288392e+000  3.7221614e-001  1.0000000e+000  3.8599801e-003
  3.0372911e+001  2.0000122e+002  1.1302902e+000  3.0838321e-001  1.0000000e+000  3.8572344e-003
  2.1525845e+001  2.0000000e+002  5.6772094e-001  1.2223276e+000  1.0000000e+000  3.8570272e-003
  2.2598325e+001  2.0001704e+002  6.2575453e-001  1.0065480e+000  1.0000000e+000  3.8548342e-003
  2.4963839e+001  2.0000004e+002  7.6354970e-001  6.7574562e-001  1.0000000e+000  3.8497081e-003
  2.8657031e+001  2.0000002e+002  1.0061828e+000  3.8913818e-001  1.0000000e+000  3.8441009e-003
  2.0595919e+001  2.0000001e+002  5.1972888e-001  1.4584912e+000  1.0000000e+000  3.8308695e-003
  1.9531058e+001  2.0000052e+002  4.6737682e-001  1.8035524e+000  1.0000000e+000  3.8138611e-003
  2.3643359e+001  2.0000001e+002  6.8490893e-001  8.3983092e-001  1.0000000e+000  3.8138290e-003
  1.9546019e+001  2.0000027e+002  4.6809252e-001  1.7980301e+000  1.0000000e+000  3.8101729e-003
  2.3076288e+001  2.0000028e+002  6.5244963e-001  9.2547893e-001  1.0000000e+000  3.8077494e-003
  2.4926271e+001  2.0000000e+002  7.6125316e-001  6.7982829e-001  1.0000000e+000  3.8031833e-003
  4.3166087e+001  2.0000001e+002  2.2829681e+000  7.5588864e-002  1.0000000e+000  3.8026850e-003
  3.1978983e+001  2.0000000e+002  1.2529790e+000  2.5094001e-001  1.0000000e+000  3.7927523e-003
  2.1299450e+001  2.0000016e+002  5.5584230e-001  1.2751344e+000  1.0000000e+000  3.7854804e-003
  4.7833878e+001  2.0000000e+002  2.8034038e+000  5.0128665e-002  1.0000000e+000  3.7640042e-003
  1.9310327e+001  2.0000031e+002  4.5687189e-001  1.8874349e+000  1.0000000e+000  3.7517568e-003
  4.2427802e+001  2.0001483e+002  2.2057067e+000  8.1007077e-002  1.0000000e+000  3.7504559e-003
  2.4263487e+001  2.0000018e+002  7.2130893e-001  7.5721074e-001  1.0000000e+000  3.7491751e-003
  1.9291211e+001  2.0000051e+002  4.5596819e-001  1.8949330e+000  1.0000000e+000  3.7411079e-003
  2.4529354e+001  2.0000028e+002  7.3720337e-001  7.2491290e-001  1.0000000e+000  3.7216675e-003
  2.0124927e+001  2.0000000e+002  4.9623013e-001  1.5998941e+000  1.0000000e+000  3.7181827e-003
  3.1589968e+001  2.0000000e+002  1.2226801e+000  2.6353103e-001  1.0000000e+000  3.7130984e-003
  3.7106528e+001  2.0000001e+002  1.6870002e+000  1.3842906e-001  1.0000000e+000  3.7107965e-003
  2.1252088e+001  2.0000020e+002  5.5337324e-001  1.2865402e+000  1.0000000e+000  3.7094454e-003
  4.6870859e+001  2.0000023e+002  2.6916638e+000  5.4377390e-002  1.0000000e+000  3.7047616e-003
  2.3292614e+001  2.0001933e+002  6.6480289e-001  8.9182888e-001  1.0000000e+000  3.7033396e-003
  1.9824804e+001  2.0000000e+002  4.8153991e-001  1.6989980e+000  1.0000000e+000  3.6960997e-003
  3.5490352e+001  2.0000182e+002  1.5432598e+000  1.6542423e-001  1.0000000e+000  3.6952747e-003
  2.2006738e+001  2.0000000e+002  5.9337036e-001  1.1189374e+000  1.0000000e+000  3.6935447e-003
  4.6093058e+001  2.0000007e+002  2.6030690e+000  5.8141589e-002  1.0000000e+000  3.6904803e-003
  2.5206112e+001  2.0000001e+002  7.7844193e-001  6.5013743e-001  1.0000000e+000  3.6866693e-003
  2.0906041e+001  2.0000000e+002  5.3549827e-001  1.3738563e+000  1.0000000e+000  3.6765768e-003
  2.2355911e+001  2.0000000e+002  6.1234931e-001  1.0506522e+000  1.0000000e+000  3.6744911e-003
  3.2092800e+001  2.0000000e+002  1.2619139e+000  2.4739905e-001  1.0000000e+000  3.6705992e-003
  2.3036165e+001  2.0000796e+002  6.5020769e-001  9.3205091e-001  1.0000000e+000  3.6590972e-003
  2.0379250e+001  2.0000048e+002  5.0885249e-001  1.5215242e+000  1.0000000e+000  3.6553734e-003
  3.9910160e+001  2.0001530e+002  1.9517071e+000  1.0346519e-001  1.0000000e+000  3.6522929e-003
  2.9611987e+001  2.0000213e+002  1.0743708e+000  3.4132819e-001  1.0000000e+000  3.6390891e-003
  4.4733211e+001  2.0000000e+002  2.4517413e+000  6.5540263e-002  1.0000000e+000  3.6387026e-003
  4.8866197e+001  2.0000000e+002  2.9257119e+000  4.6025055e-002  1.0000000e+000  3.6380696e-003
  1.9201146e+001  2.0000000e+002  4.5171943e-001  1.9307227e+000  1.0000000e+000  3.6361151e-003
  2.0398892e+001  2.0000002e+002  5.0983269e-001  1.5156617e+000  1.0000000e+000  3.6288106e-003
  1.9301373e+001  2.0000003e+002  4.5644764e-001  1.8909318e+000  1.0000000e+000  3.6269946e-003
  3.7188579e+001  2.0000000e+002  1.6944691e+000  1.3721138e-001  1.0000000e+000  3.6213372e-003
  2.9510330e+001  2.0000209e+002  1.0670067e+000  3.4605553e-001  1.0000000e+000  3.6197753e-003
  2.5708386e+001  2.0000001e+002  8.0977456e-001  6.0079907e-001  1.0000000e+000  3.6135943e-003
  2.6357131e+001  2.0000000e+002  8.5115907e-001  5.4379596e-001  1.0000000e+000  3.6070239e-003
  2.1896016e+001  2.0000000e+002  5.8741450e-001  1.1417424e+000  1.0000000e+000  3.6047047e-003
  2.4239510e+001  2.0000001e+002  7.1988341e-001  7.6020935e-001  1.0000000e+000  3.6034992e-003
  2.3538163e+001  2.0000001e+002  6.7882782e-001  8.5494523e-001  1.0000000e+000  3.5891372e-003
  2.3366019e+001  2.0000001e+002  6.6893504e-001  8.8041958e-001  1.0000000e+000  3.5848539e-003
  2.6777277e+001  2.0000055e+002  8.7851363e-001  5.1046555e-001  1.0000000e+000  3.5828422e-003
  4.6208558e+001  2.0000001e+002  2.6161301e+000  5.7562400e-002  1.0000000e+000  3.5790321e-003
  4.6611620e+001  2.0000000e+002  2.6619683e+000  5.5597043e-002  1.0000000e+000  3.5757943e-003
  4.8116655e+001  2.0000000e+002  2.8366472e+000  4.8960608e-002  1.0000000e+000  3.5718274e-003
  3.3084861e+001  2.0000011e+002  1.3411376e+000  2.1903421e-001  1.0000000e+000  3.5714608e-003
  2.6852912e+001  2.0000000e+002  8.8348110e-001  5.0473441e-001  1.0000000e+000  3.5668626e-003
  4.2457583e+001  2.0000020e+002  2.2086427e+000  8.0762311e-002  1.0000000e+000  3.5663561e-003
  4.4959226e+001  2.0000026e+002  2.4765819e+000  6.4232508e-002  1.0000000e+000  3.5557111e-003
  2.2616481e+001  2.0000000e+002  6.2670698e-001  1.0030634e+000  1.0000000e+000  3.5543968e-003
  2.0410477e+001  2.0000002e+002  5.1041193e-001  1.5122235e+000  1.0000000e+000  3.5528504e-003
  2.5241230e+001  2.0000063e+002  7.8061497e-001  6.4653271e-001  1.0000000e+000  3.5455390e-003
  4.2331021e+001  2.0000000e+002  2.1954925e+000  8.1732265e-002  1.0000000e+000  3.5424433e-003
  2.4042543e+001  2.0000000e+002  7.0823159e-001  7.8542886e-001  1.0000000e+000  3.5392435e-003
  1.9487389e+001  2.0000000e+002  4.6528793e-001  1.8197591e+000  1.0000000e+000  3.5390093e-003
  3.4782674e+001  2.0000150e+002  1.4823258e+000  1.7930253e-001  1.0000000e+000  3.5374964e-003
  2.2750358e+001  2.0000058e+002  6.3415029e-001  9.7966898e-001  1.0000000e+000  3.5362361e-003
  2.8352485e+001  2.0000318e+002  9.8492606e-001  4.0614834e-001  1.0000000e+000  3.5310737e-003
  2.7336606e+001  2.0000233e+002  9.1560621e-001  4.6996475e-001  1.0000000e+000  3.5225497e-003
  2.5375788e+001  2.0000000e+002  7.8895742e-001  6.3292218e-001  1.0000000e+000  3.5219464e-003
  4.3004070e+001  2.0000040e+002  2.2658674e+000  7.6734886e-002  1.0000000e+000  3.5155640e-003
  1.9221723e+001  2.0000000e+002  4.5268813e-001  1.9224685e+000  1.0000000e+000  3.5140689e-003
  2.0867259e+001  2.0000000e+002  5.3351335e-001  1.3840981e+000  1.0000000e+000  3.5120729e-003
  2.7691001e+001  2.0000000e+002  9.3948922e-001  4.4634831e-001  1.0000000e+000  3.5042445e-003
  2.7295252e+001  2.0000001e+002  9.1282746e-001  4.7280289e-001  1.0000000e+000  3.5007643e-003
  2.4283547e+001  2.0000000e+002  7.2250147e-001  7.5470977e-001  1.0000000e+000  3.4949530e-003
  4.7959205e+001  2.0000009e+002  2.8181145e+000  4.9606794e-002  1.0000000e+000  3.4860689e-003
  3.1903812e+001  2.0000000e+002  1.2470953e+000  2.5331342e-001  1.0000000e+000  3.4787979e-003
  4.2289576e+001  2.0000076e+002  2.1912039e+000  8.2054069e-002  1.0000000e+000  3.4585251e-003
  2.2064165e+001  2.0000034e+002  5.9647219e-001  1.1073393e+000  1.0000000e+000  3.4584115e-003
  3.3502181e+001  2.0000155e+002  1.3751941e+000  2.0832733e-001  1.0000000e+000  3.4522252e-003
  3.3354840e+001  2.0000034e+002  1.3631164e+000  2.1202900e-001  1.0000000e+000  3.4501518e-003
  2.3227660e+001  2.0000028e+002  6.6103734e-001  9.0158881e-001  1.0000000e+000  3.4488179e-003
  2.0580151e+001  2.0000039e+002  5.1893438e-001  1.4629747e+000  1.0000000e+000  3.4420463e-003
  3.9627285e+001  2.0000109e+002  1.9240018e+000  1.0642859e-001  1.0000000e+000  3.4397813e-003
  4.9587186e+001  2.0000000e+002  3.0126828e+000  4.3406087e-002  1.0000000e+000  3.4350414e-003
  1.9472693e+001  2.0000000e+002  4.6458643e-001  1.8252587e+000  1.0000000e+000  3.4349390e-003
  3.3718135e+001  2.0000009e+002  1.3929701e+000  2.0303686e-001  1.0000000e+000  3.4340615e-003
  2.4304661e+001  2.0000002e+002  7.2375844e-001  7.5209091e-001  1.0000000e+000  3.4330285e-003
  4.7031443e+001  2.0000000e+002  2.7101360e+000  5.3638338e-002  1.0000000e+000  3.4321259e-003
  3.1947815e+001  2.0000025e+002  1.2505393e+000  2.5192162e-001  1.0000000e+000  3.4298982e-003
  1.9056853e+001  2.0000000e+002  4.4495576e-001  1.9898658e+000  1.0000000e+000  3.4296847e-003
  2.1943682e+001  2.0000509e+002  5.8998984e-001  1.1319406e+000  1.0000000e+000  3.4290471e-003
  4.6121214e+001  2.0000007e+002  2.6062501e+000  5.7999734e-002  1.0000000e+000  3.4203692e-003
  2.1496226e+001  2.0000000e+002  5.6615968e-001  1.2290784e+000  1.0000000e+000  3.4164914e-003
  4.1623480e+001  2.0000000e+002  2.1227129e+000  8.7432910e-002  1.0000000e+000  3.3997947e-003
  2.2413219e+001  2.0000031e+002  6.1549373e-001  1.0399527e+000  1.0000000e+000  3.3959966e-003
  4.4673711e+001  2.0000000e+002  2.4452234e+000  6.5890135e-002  1.0000000e+000  3.3938526e-003
  2.1343993e+001  2.0000000e+002  5.5816913e-001  1.2645204e+000  1.0000000e+000  3.3883825e-003
  2.1111378e+001  2.0000000e+002  5.4606917e-001  1.3211804e+000  1.0000000e+000  3.3846723e-003
  1.9178021e+001  2.0000000e+002  4.5063205e-001  1.9400517e+000  1.0000000e+000  3.3799995e-003
  2.3723954e+001  2.0000001e+002  6.8958630e-001  8.2847667e-001  1.0000000e+000  3.3792143e-003
  4.7493365e+001  2.0000000e+002  2.7636330e+000  5.1581832e-002  1.0000000e+000  3.3737522e-003
  3.2825907e+001  2.0000065e+002  1.3202293e+000  2.2602983e-001  1.0000000e+000  3.3731056e-003
  3.4709052e+001  2.0000039e+002  1.4760492e+000  1.8082565e-001  1.0000000e+000  3.3705766e-003
  3.4457740e+001  2.0000154e+002  1.4547602e+000  1.8616215e-001  1.0000000e+000  3.3697697e-003
  2.7010929e+001  2.0000827e+002  8.9394638e-001  4.9308782e-001  1.0000000e+000  3.3598863e-003
  2.0240393e+001  2.0002514e+002  5.0200374e-001  1.5642870e+000  1.0000000e+000  3.3578651e-003
  1.8964057e+001  2.0000003e+002  4.4063302e-001  2.0291010e+000  1.0000000e+000  3.3558832e-003
  4.3073889e+001  2.0000004e+002  2.2732266e+000  7.6238164e-002  1.0000000e+000  3.3527216e-003
  2.3885298e+001  2.0000012e+002  6.9899821e-001  8.0631859e-001  1.0000000e+000  3.3513953e-003
  4.0857676e+001  2.0000039e+002  2.0453266e+000  9.4175169e-002  1.0000000e+000  3.3510767e-003
  3.3381026e+001  2.0000024e+002  1.3652569e+000  2.1136416e-001  1.0000000e+000  3.3446476e-003
  2.0108026e+001  2.0000013e+002  4.9539730e-001  1.6052829e+000  1.0000000e+000  3.3349520e-003
  2.4748169e+001  2.0000002e+002  7.5041354e-001  6.9961047e-001  1.0000000e+000  3.3322580e-003
  2.1588975e+001  2.0000031e+002  5.7105664e-001  1.2080988e+000  1.0000000e+000  3.3252598e-003
  3.0873844e+001  2.0000837e+002  1.1679226e+000  2.8888181e-001  1.0000000e+000  3.3238533e-003
  2.0683724e+001  2.0000000e+002  5.2416975e-001  1.4338826e+000  1.0000000e+000  3.3173583e-003
  2.4374097e+001  2.0000003e+002  7.2789984e-001  7.4355737e-001  1.0000000e+000  3.3158015e-003
  2.0989010e+001  2.0000020e+002  5.3975767e-001  1.3522654e+000  1.0000000e+000  3.3143846e-003
  3.4020845e+001  2.0000031e+002  1.4180950e+000  1.9590709e-001  1.0000000e+000  3.3063515e-003
  1.9254207e+001  2.0000271e+002  4.5422561e-001  1.9096055e+000  1.0000000e+000  3.2990783e-003
  1.9593151e+001  2.0000052e+002  4.7035325e-001  1.7807984e+000  1.0000000e+000  3.2857745e-003
  3.9671850e+001  2.0000776e+002  1.9283961e+000  1.0596178e-001  1.0000000e+000  3.2833102e-003
  2.2780469e+001  2.0000000e+002  6.3582824e-001  9.7449096e-001  1.0000000e+000  3.2809718e-003
  3.4653310e+001  2.0000156e+002  1.4713206e+000  1.8199514e-001  1.0000000e+000  3.2716914e-003
  2.0042380e+001  2.0000055e+002  4.9216902e-001  1.6264280e+000  1.0000000e+000  3.2660528e-003
  4.3233355e+001  2.0000020e+002  2.2900913e+000  7.5119735e-002  1.0000000e+000  3.2658476e-003
  2.1183314e+001  2.0000065e+002  5.4979866e-001  1.3033382e+000  1.0000000e+000  3.2648704e-003
  4.0979632e+001  2.0000003e+002  2.0575512e+000  9.3058579e-002  1.0000000e+000  3.2634865e-003
  2.7989143e+001  2.0000000e+002  9.5982860e-001  4.2763188e-001  1.0000000e+000  3.2630686e-003
  1.9904683e+001  2.0000000e+002  4.8542822e-001  1.6718889e+000  1.0000000e+000  3.2581148e-003
  2.1266634e+001  2.0000000e+002  5.5413043e-001  1.2830201e+000  1.0000000e+000  3.2571663e-003
  2.3383413e+001  2.0000000e+002  6.6993131e-001  8.7780275e-001  1.0000000e+000  3.2548351e-003
  4.9673091e+001  2.0000000e+002  3.0231303e+000  4.3106600e-002  1.0000000e+000  3.2519766e-003
  2.3099654e+001  2.0000384e+002  6.5378323e-001  9.2178912e-001  1.0000000e+000  3.2475657e-003
  2.2653429e+001  2.0000165e+002  6.2876154e-001  9.9655992e-001  1.0000000e+000  3.2391593e-003
  2.0188079e+001  2.0000006e+002  4.9934949e-001  1.5799702e+000  1.0000000e+000  3.2384245e-003
  4.0869671e+001  2.0000001e+002  2.0465237e+000  9.4064124e-002  1.0000000e+000  3.2362663e-003
  2.5674024e+001  2.0000001e+002  8.0761129e-001  6.0402202e-001  1.0000000e+000  3.2352713e-003
  2.5793815e+001  2.0000001e+002  8.1516526e-001  5.9287919e-001  1.0000000e+000  3.2345103e-003
  4.2020707e+001  2.0000000e+002  2.1634218e+000  8.4173436e-002  1.0000000e+000  3.2287612e-003
  3.7721145e+001  2.0000087e+002  1.7433560e+000  1.2962677e-001  1.0000000e+000  3.2287492e-003
  2.4458214e+001  2.0000000e+002  7.3293247e-001  7.3338078e-001  1.0000000e+000  3.2286581e-003
  2.1194212e+001  2.0000000e+002  5.5036274e-001  1.3006469e+000  1.0000000e+000  3.2250557e-003
  2.9028111e+001  2.0000303e+002  1.0324253e+000  3.6963504e-001  1.0000000e+000  3.2239504e-003
  1.9815272e+001  2.0000000e+002  4.8107696e-001  1.7022696e+000  1.0000000e+000  3.2014497e-003
  4.1531319e+001  2.0000038e+002  2.1133273e+000  8.8212077e-002  1.0000000e+000  3.2003505e-003
  2.4496141e+001  2.0000000e+002  7.3520732e-001  7.2884943e-001  1.0000000e+000  3.1920221e-003
  3.5425585e+001  2.0002768e+002  1.5378311e+000  1.6670194e-001  1.0000000e+000  3.1903234e-003
  2.0735434e+001  2.0000001e+002  5.2679391e-001  1.4196328e+000  1.0000000e+000  3.1801854e-003
  2.5485951e+001  2.0007229e+002  7.9611010e-001  6.2272448e-001  1.0000000e+000  3.1788386e-003
  2.9652357e+001  2.0000337e+002  1.0773089e+000  3.3947950e-001  1.0000000e+000  3.1742661e-003
  4.4303066e+001  2.0000061e+002  2.4048244e+000  6.8123562e-002  1.0000000e+000  3.1707928e-003
  3.5584170e+001  2.0000039e+002  1.5514187e+000  1.6368303e-001  1.0000000e+000  3.1622750e-003
  2.2023063e+001  2.0000035e+002  5.9425205e-001  1.1156293e+000  1.0000000e+000  3.1620364e-003
  4.3734093e+001  2.0000001e+002  2.3434449e+000  7.1737795e-002  1.0000000e+000  3.1605298e-003
  2.0550131e+001  2.0000002e+002  5.1742061e-001  1.4715336e+000  1.0000000e+000  3.1519407e-003
  2.3661450e+001  2.0000001e+002  6.8595747e-001  8.3726540e-001  1.0000000e+000  3.1485086e-003
  3.4200759e+001  2.0000031e+002  1.4331335e+000  1.9181718e-001  1.0000000e+000  3.1467085e-003
  4.0933315e+001  2.0000038e+002  2.0529064e+000  9.3480985e-002  1.0000000e+000  3.1454340e-003
  2.1093494e+001  2.0000000e+002  5.4514434e-001  1.3256669e+000  1.0000000e+000  3.1449702e-003
  1.9516183e+001  2.0000000e+002  4.6666394e-001  1.8090433e+000  1.0000000e+000  3.1418146e-003
  2.1058053e+001  2.0000000e+002  5.4331402e-001  1.3346139e+000  1.0000000e+000  3.1404079e-003
  2.1629190e+001  2.0001512e+002  5.7322859e-001  1.1994052e+000  1.0000000e+000  3.1305795e-003
  2.5809882e+001  2.0000000e+002  8.1618109e-001  5.9140418e-001  1.0000000e+000  3.1299794e-003
  3.0538933e+001  2.0000308e+002  1.1426912e+000  3.0174016e-001  1.0000000e+000  3.1252503e-003
  2.3399583e+001  2.0000000e+002  6.7085820e-001  8.7537872e-001  1.0000000e+000  3.1218532e-003
  2.0708984e+001  2.0000000e+002  5.2545082e-001  1.4268992e+000  1.0000000e+000  3.1191597e-003
  2.2264758e+001  2.0000000e+002  6.0736596e-001  1.0679639e+000  1.0000000e+000  3.1159620e-003
  3.7240457e+001  2.0000020e+002  1.6992017e+000  1.3644881e-001  1.0000000e+000  3.1143601e-003
  3.3446468e+001  2.0000158e+002  1.3706243e+000  2.0971896e-001  1.0000000e+000  3.1126741e-003
  2.2692090e+001  2.0000001e+002  6.3090429e-001  9.8976152e-001  1.0000000e+000  3.1088237e-003
  3.0248059e+001  2.0000314e+002  1.1210277e+000  3.1351542e-001  1.0000000e+000  3.1076962e-003
  4.8826268e+001  2.0000001e+002  2.9209328e+000  4.6175798e-002  1.0000000e+000  3.0947800e-003
  2.0672557e+001  2.0000001e+002  5.2360391e-001  1.4369836e+000  1.0000000e+000  3.0867771e-003
  1.9931719e+001  2.0000000e+002  4.8674778e-001  1.6628363e+000  1.0000000e+000  3.0852690e-003
  1.9187916e+001  2.0000000e+002  4.5109715e-001  1.9360533e+000  1.0000000e+000  3.0849908e-003
  1.9807987e+001  2.0000000e+002  4.8072330e-001  1.7047752e+000  1.0000000e+000  3.0807898e-003
  2.1363439e+001  2.0000000e+002  5.5918665e-001  1.2599226e+000  1.0000000e+000  3.0807575e-003
  3.2031076e+001  2.0000001e+002  1.2570644e+000  2.4931158e-001  1.0000000e+000  3.0771963e-003
  3.0456094e+001  2.0000000e+002  1.1364829e+000  3.0502235e-001  1.0000000e+000  3.0753508e-003
  2.2581974e+001  2.0000818e+002  6.2482160e-001  1.0093324e+000  1.0000000e+000  3.0736072e-003
  2.9547533e+001  2.0000191e+002  1.0696978e+000  3.4431507e-001  1.0000000e+000  3.0666973e-003
  4.5717838e+001  2.0000000e+002  2.5608601e+000  6.0073888e-002  1.0000000e+000  3.0637028e-003
  3.5794005e+001  2.0000306e+002  1.5697906e+000  1.5988481e-001  1.0000000e+000  3.0586500e-003
  2.9380441e+001  2.0002700e+002  1.0577663e+000  3.5234746e-001  1.0000000e+000  3.0581024e-003
  4.3030827e+001  2.0000042e+002  2.2686880e+000  7.6544229e-002  1.0000000e+000  3.0534159e-003
  3.0481445e+001  2.0000209e+002  1.1383876e+000  3.0401843e-001  1.0000000e+000  3.0505459e-003
  2.3415691e+001  2.0000001e+002  6.7178215e-001  8.7297260e-001  1.0000000e+000  3.0485147e-003
  4.8078648e+001  2.0000000e+002  2.8321677e+000  4.9115607e-002  1.0000000e+000  3.0484343e-003
  2.1435310e+001  2.0000266e+002  5.6296293e-001  1.2431591e+000  1.0000000e+000  3.0451876e-003
  2.3324099e+001  2.0000000e+002  6.6653696e-001  8.8676587e-001  1.0000000e+000  3.0448100e-003
  1.8960623e+001  2.0000000e+002  4.4047339e-001  2.0305708e+000  1.0000000e+000  3.0368324e-003
  2.1882328e+001  2.0000032e+002  5.8668128e-001  1.1446071e+000  1.0000000e+000  3.0345631e-003
  2.6823100e+001  2.0000060e+002  8.8152317e-001  5.0698665e-001  1.0000000e+000  3.0319638e-003
  4.2701879e+001  2.0000003e+002  2.2341304e+000  7.8929744e-002  1.0000000e+000  3.0301991e-003
  2.0540528e+001  2.0000390e+002  5.1694718e-001  1.4743732e+000  1.0000000e+000  3.0256061e-003
  1.9527194e+001  2.0000000e+002  4.6719067e-001  1.8049664e+000  1.0000000e+000  3.0186632e-003
  4.5489750e+001  2.0000056e+002  2.5353784e+000  6.1288352e-002  1.0000000e+000  3.0128433e-003
  1.9364976e+001  2.0000000e+002  4.5946073e-001  1.8662106e+000  1.0000000e+000  3.0109334e-003
  2.4804904e+001  2.0000028e+002  7.5385911e-001  6.9323438e-001  1.0000000e+000  3.0098620e-003
  2.1444629e+001  2.0000000e+002  5.6344505e-001  1.2409501e+000  1.0000000e+000  3.0043952e-003
  4.7660127e+001  2.0000003e+002  2.7830752e+000  5.0863692e-002  1.0000000e+000  2.9938729e-003
  4.4214780e+001  2.0000000e+002  2.3952422e+000  6.8668665e-002  1.0000000e+000  2.9925826e-003
  4.5985326e+001  2.0000000e+002  2.5909142e+000  5.8688281e-002  1.0000000e+000  2.9899835e-003
  3.7275523e+001  2.0000134e+002  1.7024128e+000  1.3593841e-001  1.0000000e+000  2.9876086e-003
  2.3452565e+001  2.0000028e+002  6.7390050e-001  8.6749899e-001  1.0000000e+000  2.9840266e-003
  2.3521981e+001  2.0000013e+002  6.7789519e-001  8.5730180e-001  1.0000000e+000  2.9831127e-003
  2.0559685e+001  2.0000000e+002  5.1790178e-001  1.4688001e+000  1.0000000e+000  2.9755972e-003
  4.8370501e+001  2.0000000e+002  2.8666565e+000  4.7940896e-002  1.0000000e+000  2.9740145e-003
  2.3861816e+001  2.0000044e+002  6.9762562e-001  8.0950107e-001  1.0000000e+000  2.9723932e-003
  3.8659150e+001  2.0000115e+002  1.8311401e+000  1.1749700e-001  1.0000000e+000  2.9674083e-003
  2.0776287e+001  2.0000022e+002  5.2887234e-001  1.4085043e+000  1.0000000e+000  2.9638093e-003
  4.2950465e+001  2.0000002e+002  2.2602177e+000  7.7118249e-002  1.0000000e+000  2.9628234e-003
  3.7579148e+001  2.0000000e+002  1.7302480e+000  1.3159541e-001  1.0000000e+000  2.9598814e-003
  2.2281048e+001  2.0000030e+002  6.0825594e-001  1.0648488e+000  1.0000000e+000  2.9565975e-003
  2.1464029e+001  2.0000072e+002  5.6446695e-001  1.2364832e+000  1.0000000e+000  2.9563713e-003
  4.7569301e+001  2.0000000e+002  2.7724774e+000  5.1253251e-002  1.0000000e+000  2.9557359e-003
  2.2393028e+001  2.0002451e+002  6.1445962e-001  1.0440875e+000  1.0000000e+000  2.9538958e-003
  3.9006612e+001  2.0000008e+002  1.8641940e+000  1.1336425e-001  1.0000000e+000  2.9487343e-003
  2.3272657e+001  2.0000906e+002  6.6363015e-001  8.9475393e-001  1.0000000e+000  2.9449502e-003
  2.4339218e+001  2.0000057e+002  7.2582002e-001  7.4783494e-001  1.0000000e+000  2.9435972e-003
  3.0785739e+001  2.0000881e+002  1.1612689e+000  2.9220495e-001  1.0000000e+000  2.9377218e-003
  2.4359103e+001  2.0000055e+002  7.2700642e-001  7.4539576e-001  1.0000000e+000  2.9326823e-003
  2.3778383e+001  2.0000000e+002  6.9275412e-001  8.2091692e-001  1.0000000e+000  2.9325101e-003
  4.8442879e+001  2.0000072e+002  2.8752521e+000  4.7655543e-002  1.0000000e+000  2.9312287e-003
  4.0791274e+001  2.0000043e+002  2.0386842e+000  9.4789937e-002  1.0000000e+000  2.9286556e-003
  2.1171368e+001  2.0000000e+002  5.4917697e-001  1.3062696e+000  1.0000000e+000  2.9216139e-003
  3.6698162e+001  2.0000000e+002  1.6500728e+000  1.4469424e-001  1.0000000e+000  2.9211868e-003
  1.9132266e+001  2.0000004e+002  4.4848444e-001  1.9586784e+000  1.0000000e+000  2.9195208e-003
  4.7451366e+001  2.0000000e+002  2.7587473e+000  5.1764693e-002  1.0000000e+000  2.9189939e-003
  2.6517451e+001  2.0000001e+002  8.6154521e-001  5.3076400e-001  1.0000000e+000  2.9179879e-003
  2.4324112e+001  2.0000001e+002  7.2491733e-001  7.4968808e-001  1.0000000e+000  2.9149297e-003
  2.4431490e+001  2.0000001e+002  7.3133174e-001  7.3659489e-001  1.0000000e+000  2.9132248e-003
  3.3530989e+001  2.0000027e+002  1.3775513e+000  2.0760835e-001  1.0000000e+000  2.9099038e-003
  4.0482603e+001  2.0000001e+002  2.0079429e+000  9.7713556e-002  1.0000000e+000  2.9056562e-003
  1.9194840e+001  2.0000059e+002  4.5142409e-001  1.9332784e+000  1.0000000e+000  2.9039622e-003
  2.2200764e+001  2.0000034e+002  6.0388054e-001  1.0803364e+000  1.0000000e+000  2.8994877e-003
  2.4205805e+001  2.0000000e+002  7.1788281e-001  7.6445222e-001  1.0000000e+000  2.8956285e-003
  2.0052118e+001  2.0000000e+002  4.9264603e-001  1.6232577e+000  1.0000000e+000  2.8939709e-003
  4.8423971e+001  2.0000005e+002  2.8729984e+000  4.7729538e-002  1.0000000e+000  2.8933375e-003
  2.5515701e+001  2.0000002e+002  7.9768148e-001  6.1915388e-001  1.0000000e+000  2.8888273e-003
  2.3844650e+001  2.0000001e+002  6.9662074e-001  8.1182933e-001  1.0000000e+000  2.8787834e-003
  4.0670384e+001  2.0001505e+002  2.0267664e+000  9.5943036e-002  1.0000000e+000  2.8747017e-003
  2.1723033e+001  2.0000000e+002  5.7816982e-001  1.1785462e+000  1.0000000e+000  2.8700675e-003
  2.2341919e+001  2.0000000e+002  6.1158301e-001  1.0532867e+000  1.0000000e+000  2.8679213e-003
  1.8950976e+001  2.0000000e+002  4.4002531e-001  2.0347083e+000  1.0000000e+000  2.8669799e-003
  2.5874972e+001  2.0000000e+002  8.2030293e-001  5.8547576e-001  1.0000000e+000  2.8656289e-003
  4.5891407e+001  2.0000002e+002  2.5803420e+000  5.9170215e-002  1.0000000e+000  2.8648244e-003
  2.0603910e+001  2.0000001e+002  5.2013227e-001  1.4562298e+000  1.0000000e+000  2.8615319e-003
  2.1128317e+001  2.0000056e+002  5.4694735e-001  1.3169597e+000  1.0000000e+000  2.8570003e-003
  2.6934655e+001  2.0000001e+002  8.8886815e-001  4.9863516e-001  1.0000000e+000  2.8503833e-003
  2.4721773e+001  2.0000002e+002  7.4881366e-001  7.0260318e-001  1.0000000e+000  2.8501636e-003
  3.6956403e+001  2.0000001e+002  1.6733773e+000  1.4069211e-001  1.0000000e+000  2.8500245e-003
  3.8563038e+001  2.0000115e+002  1.8220465e+000  1.1867275e-001  1.0000000e+000  2.8452070e-003
  4.6909522e+001  2.0000003e+002  2.6961034e+000  5.4198173e-002  1.0000000e+000  2.8408266e-003
  4.2776346e+001  2.0000000e+002  2.2419290e+000  7.8381533e-002  1.0000000e+000  2.8348330e-003
  2.1737202e+001  2.0000001e+002  5.7892431e-001  1.1754766e+000  1.0000000e+000  2.8268408e-003
  4.3533927e+001  2.0000000e+002  2.3220425e+000  7.3066304e-002  1.0000000e+000  2.8262206e-003
  1.9266742e+001  2.0000000e+002  4.5481107e-001  1.9045632e+000  1.0000000e+000  2.8213417e-003
  2.4783841e+001  2.0000001e+002  7.5257836e-001  6.9559126e-001  1.0000000e+000  2.8165649e-003
  1.9717651e+001  2.0000004e+002  4.7634862e-001  1.7362333e+000  1.0000000e+000  2.8127457e-003
  4.3655196e+001  2.0000002e+002  2.3349974e+000  7.2257818e-002  1.0000000e+000  2.8090312e-003
  3.7775354e+001  2.0000001e+002  1.7483629e+000  1.2888262e-001  1.0000000e+000  2.8073360e-003
  4.5262043e+001  2.0000000e+002  2.5100524e+000  6.2530498e-002  1.0000000e+000  2.8022813e-003
  3.4521714e+001  2.0000148e+002  1.4601666e+000  1.8478586e-001  1.0000000e+000  2.8007177e-003
  2.1089381e+001  2.0000000e+002  5.4493181e-001  1.3267012e+000  1.0000000e+000  2.7992804e-003
  2.1711460e+001  2.0000000e+002  5.7755394e-001  1.1810611e+000  1.0000000e+000  2.7987712e-003
  2.2076450e+001  2.0000006e+002  5.9713578e-001  1.1048718e+000  1.0000000e+000  2.7962754e-003
  2.1581412e+001  2.0000055e+002  5.7065732e-001  1.2097975e+000  1.0000000e+000  2.7954003e-003
  2.6041228e+001  2.0000126e+002  8.3088347e-001  5.7067762e-001  1.0000000e+000  2.7941775e-003
  4.2059410e+001  2.0000037e+002  2.1674128e+000  8.3864514e-002  1.0000000e+000  2.7934399e-003
  2.1911498e+001  2.0000503e+002  5.8826031e-001  1.1386047e+000  1.0000000e+000  2.7896187e-003
  4.6246499e+001  2.0000000e+002  2.6204278e+000  5.7373724e-002  1.0000000e+000  2.7853156e-003
  1.9763714e+001  2.0000000e+002  4.7857677e-001  1.7201021e+000  1.0000000e+000  2.7851533e-003
  4.0030838e+001  2.0000049e+002  1.9633824e+000  1.0220049e-001  1.0000000e+000  2.7823297e-003
  2.0001193e+001  2.0000077e+002  4.9014882e-001  1.6398719e+000  1.0000000e+000  2.7806623e-003
  3.0519110e+001  2.0000222e+002  1.1412033e+000  3.0252098e-001  1.0000000e+000  2.7800731e-003
  2.2244849e+001  2.0000032e+002  6.0628120e-001  1.0717975e+000  1.0000000e+000  2.7780539e-003
  1.9511762e+001  2.0000003e+002  4.6645259e-001  1.8106843e+000  1.0000000e+000  2.7776992e-003
  3.5198322e+001  2.0000038e+002  1.5179562e+000  1.7097912e-001  1.0000000e+000  2.7763573e-003
  3.6003361e+001  2.0000034e+002  1.5881858e+000  1.5619189e-001  1.0000000e+000  2.7763236e-003
  4.6932474e+001  2.0000007e+002  2.6987430e+000  5.4092265e-002  1.0000000e+000  2.7745871e-003
  2.1145029e+001  2.0000001e+002  5.4781141e-001  1.3127904e+000  1.0000000e+000  2.7741304e-003
  2.1641402e+001  2.0001717e+002  5.7388190e-001  1.1967371e+000  1.0000000e+000  2.7735154e-003
  4.7995612e+001  2.0000000e+002  2.8223934e+000  4.9456381e-002  1.0000000e+000  2.7728476e-003
  1.9678019e+001  2.0000000e+002  4.7443554e-001  1.7502618e+000  1.0000000e+000  2.7716990e-003
  2.0296871e+001  2.0000265e+002  5.0475241e-001  1.5464269e+000  1.0000000e+000  2.7711652e-003
  1.9339360e+001  2.0000444e+002  4.5825618e-001  1.8762427e+000  1.0000000e+000  2.7673867e-003
  4.0114665e+001  2.0000006e+002  1.9716098e+000  1.0134824e-001  1.0000000e+000  2.7561178e-003
  2.2087316e+001  2.0000034e+002  5.9772456e-001  1.1027039e+000  1.0000000e+000  2.7411591e-003
  3.9150704e+001  2.0000000e+002  1.8779915e+000  1.1170438e-001  1.0000000e+000  2.7407543e-003
  1.9106864e+001  2.0000438e+002  4.4730402e-001  1.9692434e+000  1.0000000e+000  2.7316067e-003
  2.7127882e+001  2.0000000e+002  9.0166715e-001  4.8457940e-001  1.0000000e+000  2.7308092e-003
  2.0531546e+001  2.0000000e+002  5.1648508e-001  1.4768687e+000  1.0000000e+000  2.7306579e-003
  4.4386303e+001  2.0000001e+002  2.4138620e+000  6.7613379e-002  1.0000000e+000  2.7297763e-003
  4.9398185e+001  2.0000030e+002  2.9897654e+000  4.4074407e-002  1.0000000e+000  2.7230426e-003
  4.3844870e+001  2.0000000e+002  2.3553316e+000  7.1015529e-002  1.0000000e+000  2.7223248e-003
  4.5031781e+001  2.0000007e+002  2.4845794e+000  6.3819357e-002  1.0000000e+000  2.7217028e-003
  1.9415645e+001  2.0000356e+002  4.6187651e-001  1.8469043e+000  1.0000000e+000  2.7210419e-003
  3.6793238e+001  2.0000000e+002  1.6586337e+000  1.4320443e-001  1.0000000e+000  2.7195221e-003
  2.1508884e+001  2.0000032e+002  5.6682754e-001  1.2261937e+000  1.0000000e+000  2.7154669e-003
  4.5191886e+001  2.0000000e+002  2.5022772e+000  6.2919696e-002  1.0000000e+000  2.7134583e-003
  1.8943765e+001  2.0000000e+002  4.3969052e-001  2.0378080e+000  1.0000000e+000  2.7129215e-003
  2.0178697e+001  2.0000000e+002  4.9888534e-001  1.5829091e+000  1.0000000e+000  2.7116723e-003
  3.7072824e+001  2.0000000e+002  1.6839369e+000  1.3893313e-001  1.0000000e+000  2.7047819e-003
  2.1793645e+001  2.0000025e+002  5.8193540e-001  1.1633507e+000  1.0000000e+000  2.7047584e-003
  2.9916096e+001  2.0000023e+002  1.0965409e+000  3.2765008e-001  1.0000000e+000  2.7046159e-003
  1.9282564e+001  2.0000027e+002  4.5555899e-001  1.8983274e+000  1.0000000e+000  2.7039202e-003
  2.2374738e+001  2.0001430e+002  6.1342497e-001  1.0473452e+000  1.0000000e+000  2.7028352e-003
  1.9834725e+001  2.0000000e+002  4.8202197e-001  1.6956015e+000  1.0000000e+000  2.6996191e-003
  2.6572821e+001  2.0000000e+002  8.6514681e-001  5.2635388e-001  1.0000000e+000  2.6990741e-003
  2.2140071e+001  2.0000091e+002  6.0058501e-001  1.0922407e+000  1.0000000e+000  2.6958478e-003
  2.7950753e+001  2.0000057e+002  9.5720008e-001  4.2998981e-001  1.0000000e+000  2.6955763e-003
  4.0268116e+001  2.0000000e+002  1.9867220e+000  9.9812115e-002  1.0000000e+000  2.6933659e-003
  4.5148751e+001  2.0000000e+002  2.4975026e+000  6.3160496e-002  1.0000000e+000  2.6915365e-003
  2.0058386e+001  2.0000052e+002  4.9295533e-001  1.6212424e+000  1.0000000e+000  2.6896411e-003
  3.0730699e+001  2.0000000e+002  1.1570693e+000  2.9426508e-001  1.0000000e+000  2.6842800e-003
  2.5314419e+001  2.0000000e+002  7.8514597e-001  6.3908207e-001  1.0000000e+000  2.6804992e-003
  2.5253425e+001  2.0000002e+002  7.8136705e-001  6.4527884e-001  1.0000000e+000  2.6792448e-003
  3.8826421e+001  2.0000000e+002  1.8470098e+000  1.1548326e-001  1.0000000e+000  2.6766127e-003
  3.9782582e+001  2.0000006e+002  1.9391015e+000  1.0477484e-001  1.0000000e+000  2.6755574e-003
  3.0322629e+001  2.0000000e+002  1.1265441e+000  3.1042814e-001  1.0000000e+000  2.6681339e-003
  4.3484408e+001  2.0000001e+002  2.3167631e+000  7.3399696e-002  1.0000000e+000  2.6662997e-003
  2.1745022e+001  2.0000009e+002  5.7934115e-001  1.1737881e+000  1.0000000e+000  2.6658251e-003
  4.5525767e+001  2.0000000e+002  2.5393878e+000  6.1094116e-002  1.0000000e+000  2.6655251e-003
  2.0456332e+001  2.0002028e+002  5.1275990e-001  1.4991652e+000  1.0000000e+000  2.6652740e-003
  2.1653610e+001  2.0000032e+002  5.7448115e-001  1.1937390e+000  1.0000000e+000  2.6651858e-003
  4.4160428e+001  2.0000001e+002  2.3893570e+000  6.9007361e-002  1.0000000e+000  2.6638377e-003
  3.2366252e+001  2.0000013e+002  1.2835109e+000  2.3914413e-001  1.0000000e+000  2.6618894e-003
  3.9346521e+001  2.0000122e+002  1.8968360e+000  1.0949923e-001  1.0000000e+000  2.6585924e-003
  1.9751770e+001  2.0000001e+002  4.7799848e-001  1.7242669e+000  1.0000000e+000  2.6570383e-003
  1.9446677e+001  2.0000367e+002  4.6335433e-001  1.8351468e+000  1.0000000e+000  2.6562554e-003
  4.2907064e+001  2.0000004e+002  2.2556523e+000  7.7430759e-002  1.0000000e+000  2.6470749e-003
  2.9422730e+001  2.0000000e+002  1.0606703e+000  3.5018427e-001  1.0000000e+000  2.6462141e-003
  2.8473659e+001  2.0000002e+002  9.9334723e-001  3.9925970e-001  1.0000000e+000  2.6356877e-003
  3.0760459e+001  2.0000000e+002  1.1593114e+000  2.9312797e-001  1.0000000e+000  2.6312868e-003
  1.9117766e+001  2.0000007e+002  4.4780500e-001  1.9646281e+000  1.0000000e+000  2.6279448e-003
  4.7233814e+001  2.0000007e+002  2.7335100e+000  5.2725036e-002  1.0000000e+000  2.6264607e-003
  3.9321706e+001  2.0000000e+002  1.8944328e+000  1.0977390e-001  1.0000000e+000  2.6255289e-003
  4.9429437e+001  2.0000001e+002  2.9935452e+000  4.3962857e-002  1.0000000e+000  2.6189839e-003
  2.8333484e+001  2.0000000e+002  9.8359073e-001  4.0721952e-001  1.0000000e+000  2.6175870e-003
  3.2854436e+001  2.0000057e+002  1.3225246e+000  2.2524551e-001  1.0000000e+000  2.6151065e-003
  4.1671868e+001  2.0000038e+002  2.1276552e+000  8.7028010e-002  1.0000000e+000  2.6125436e-003
  2.2118661e+001  2.0000035e+002  5.9942230e-001  1.0964667e+000  1.0000000e+000  2.6109516e-003
  2.1205892e+001  2.0000000e+002  5.5096950e-001  1.2977837e+000  1.0000000e+000  2.6058174e-003
  4.0219571e+001  2.0000006e+002  1.9819353e+000  1.0029496e-001  1.0000000e+000  2.6050870e-003
  4.7523876e+001  2.0000002e+002  2.7671853e+000  5.1449507e-002  1.0000000e+000  2.6012884e-003
  3.3588784e+001  2.0000030e+002  1.3823044e+000  2.0618324e-001  1.0000000e+000  2.5967879e-003
  1.9003081e+001  2.0000065e+002  4.4244973e-001  2.0125037e+000  1.0000000e+000  2.5961165e-003
  2.0473867e+001  2.0000028e+002  5.1358796e-001  1.4935882e+000  1.0000000e+000  2.5960435e-003
  2.2331012e+001  2.0000001e+002  6.1098606e-001  1.0553463e+000  1.0000000e+000  2.5950439e-003
  2.0076720e+001  2.0000000e+002  4.9385563e-001  1.6153158e+000  1.0000000e+000  2.5902506e-003
  2.2636788e+001  2.0000000e+002  6.2783292e-001  9.9946888e-001  1.0000000e+000  2.5885065e-003
  1.9490023e+001  2.0000071e+002  4.6541537e-001  1.8187951e+000  1.0000000e+000  2.5873656e-003
  2.0762327e+001  2.0000005e+002  5.2816137e-001  1.4122926e+000  1.0000000e+000  2.5871236e-003
  2.7621847e+001  2.0000271e+002  9.3481525e-001  4.5085328e-001  1.0000000e+000  2.5828620e-003
  3.9497341e+001  2.0000037e+002  1.9113975e+000  1.0783493e-001  1.0000000e+000  2.5814789e-003
  4.0340892e+001  2.0001488e+002  1.9940580e+000  9.9115931e-002  1.0000000e+000  2.5763309e-003
  2.2032654e+001  2.0000000e+002  5.9476869e-001  1.1136821e+000  1.0000000e+000  2.5736500e-003
  2.3829946e+001  2.0000006e+002  6.9576202e-001  8.1383563e-001  1.0000000e+000  2.5736150e-003
  1.9044283e+001  2.0000068e+002  4.4437049e-001  1.9951446e+000  1.0000000e+000  2.5698124e-003
  2.2226847e+001  2.0000035e+002  6.0530041e-001  1.0752743e+000  1.0000000e+000  2.5683637e-003
  3.9590616e+001  2.0000901e+002  1.9205189e+000  1.0683613e-001  1.0000000e+000  2.5642303e-003
  2.5733170e+001  2.0000001e+002  8.1133663e-001  5.9848798e-001  1.0000000e+000  2.5627804e-003
  2.0482755e+001  2.0000000e+002  5.1403328e-001  1.4909910e+000  1.0000000e+000  2.5623218e-003
  1.9355520e+001  2.0000000e+002  4.5901212e-001  1.8698602e+000  1.0000000e+000  2.5612646e-003
  4.9093245e+001  2.0000002e+002  2.9529631e+000  4.5179525e-002  1.0000000e+000  2.5586952e-003
  4.4001059e+001  2.0000000e+002  2.3721422e+000  7.0012565e-002  1.0000000e+000  2.5580687e-003
  3.0636650e+001  2.0000000e+002  1.1499979e+000  2.9789511e-001  1.0000000e+000  2.5514923e-003
  2.8305034e+001  2.0000000e+002  9.8161650e-001  4.0885917e-001  1.0000000e+000  2.5494593e-003
  3.8217226e+001  2.0000000e+002  1.7895046e+000  1.2302457e-001  1.0000000e+000  2.5484457e-003
  3.0585107e+001  2.0000003e+002  1.1461318e+000  2.9990840e-001  1.0000000e+000  2.5409503e-003
  2.0524800e+001  2.0002026e+002  5.1619806e-001  1.4792607e+000  1.0000000e+000  2.5379809e-003
  4.7185881e+001  2.0000003e+002  2.7279643e+000  5.2939572e-002  1.0000000e+000  2.5336537e-003
  2.5842496e+001  2.0000095e+002  8.1824897e-001  5.8843276e-001  1.0000000e+000  2.5319846e-003
  2.0250722e+001  2.0000572e+002  5.0246742e-001  1.5606436e+000  1.0000000e+000  2.5316197e-003
  3.3568795e+001  2.0000033e+002  1.3806598e+000  2.0667485e-001  1.0000000e+000  2.5245475e-003
  2.2808841e+001  2.0000055e+002  6.3741475e-001  9.6965949e-001  1.0000000e+000  2.5244184e-003
  2.0816669e+001  2.0000001e+002  5.3092965e-001  1.3976024e+000  1.0000000e+000  2.5208635e-003
  3.1504340e+001  2.0000065e+002  1.2160646e+000  2.6641043e-001  1.0000000e+000  2.5101393e-003
  2.5545559e+001  2.0000000e+002  7.9954940e-001  6.1626406e-001  1.0000000e+000  2.5091963e-003
  2.7762653e+001  2.0000006e+002  9.4435775e-001  4.4175859e-001  1.0000000e+000  2.5059363e-003
  3.9267253e+001  2.0000127e+002  1.8892015e+000  1.1038617e-001  1.0000000e+000  2.5035226e-003
  4.0427091e+001  2.0000000e+002  2.0024398e+000  9.8251352e-002  1.0000000e+000  2.5027807e-003
  4.5590728e+001  2.0000002e+002  2.5466401e+000  6.0746680e-002  1.0000000e+000  2.5022330e-003
  3.4407253e+001  2.0000158e+002  1.4505006e+000  1.8725731e-001  1.0000000e+000  2.4956060e-003
  1.9271403e+001  2.0000054e+002  4.5503239e-001  1.9027365e+000  1.0000000e+000  2.4954151e-003
  4.9349459e+001  2.0000029e+002  2.9838700e+000  4.4248731e-002  1.0000000e+000  2.4939625e-003
  4.1307948e+001  2.0000000e+002  2.0906518e+000  9.0135115e-002  1.0000000e+000  2.4934631e-003
  4.8972527e+001  2.0000002e+002  2.9384585e+000  4.5626651e-002  1.0000000e+000  2.4888251e-003
  2.0159491e+001  2.0000000e+002  4.9793607e-001  1.5889501e+000  1.0000000e+000  2.4853926e-003
  3.4564801e+001  2.0000153e+002  1.4638141e+000  1.8386632e-001  1.0000000e+000  2.4847942e-003
  2.6142518e+001  2.0003350e+002  8.3749464e-001  5.6215624e-001  1.0000000e+000  2.4791019e-003
  1.9799344e+001  2.0000357e+002  4.8031245e-001  1.7078453e+000  1.0000000e+000  2.4786547e-003
  1.9882533e+001  2.0000000e+002  4.8434841e-001  1.6793518e+000  1.0000000e+000  2.4781608e-003
  4.3274797e+001  2.0001504e+002  2.2946540e+000  7.4849051e-002  1.0000000e+000  2.4737166e-003
  4.6339992e+001  2.0000002e+002  2.6310338e+000  5.6912123e-002  1.0000000e+000  2.4675055e-003
  4.9131285e+001  2.0000013e+002  2.9575425e+000  4.5039838e-002  1.0000000e+000  2.4671607e-003
  3.3144579e+001  2.0000065e+002  1.3459871e+000  2.1746165e-001  1.0000000e+000  2.4664422e-003
  3.5249373e+001  2.0000080e+002  1.5223657e+000  1.6999186e-001  1.0000000e+000  2.4603948e-003
  2.8754147e+001  2.0000004e+002  1.0130142e+000  3.8390770e-001  1.0000000e+000  2.4578751e-003
  2.9767459e+001  2.0000012e+002  1.0856711e+000  3.3424290e-001  1.0000000e+000  2.4534329e-003
  2.1763534e+001  2.0000031e+002  5.8032862e-001  1.1698033e+000  1.0000000e+000  2.4510615e-003
  3.7324266e+001  2.0000001e+002  1.7068566e+000  1.3522700e-001  1.0000000e+000  2.4507899e-003
  2.0976531e+001  2.0000000e+002  5.3911551e-001  1.3554821e+000  1.0000000e+000  2.4499284e-003
  1.9979707e+001  2.0000000e+002  4.8909443e-001  1.6469182e+000  1.0000000e+000  2.4497371e-003
  1.9583667e+001  2.0000000e+002  4.6989683e-001  1.7842365e+000  1.0000000e+000  2.4457604e-003
  3.9545612e+001  2.0000130e+002  1.9160812e+000  1.0731087e-001  1.0000000e+000  2.4447338e-003
  2.1405891e+001  2.0000033e+002  5.6141215e-001  1.2499639e+000  1.0000000e+000  2.4432646e-003
  2.6882277e+001  2.0000001e+002  8.8541447e-001  5.0253273e-001  1.0000000e+000  2.4409698e-003
  3.3452067e+001  2.0000036e+002  1.3710749e+000  2.0957477e-001  1.0000000e+000  2.4379595e-003
  2.7236692e+001  2.0000000e+002  9.0891484e-001  4.7688214e-001  1.0000000e+000  2.4361054e-003
  4.8051726e+001  2.0000003e+002  2.8289972e+000  4.9225791e-002  1.0000000e+000  2.4360159e-003
  2.6615562e+001  2.0003282e+002  8.6807453e-001  5.2323852e-001  1.0000000e+000  2.4337795e-003
  3.5542508e+001  2.0000094e+002  1.5477922e+000  1.6445320e-001  1.0000000e+000  2.4331822e-003
  2.0998852e+001  2.0000020e+002  5.4026400e-001  1.3497321e+000  1.0000000e+000  2.4319006e-003
  2.0695596e+001  2.0000000e+002  5.2477166e-001  1.4305951e+000  1.0000000e+000  2.4315799e-003
  4.6656604e+001  2.0000000e+002  2.6671088e+000  5.5382939e-002  1.0000000e+000  2.4298460e-003
  3.6923001e+001  2.0000132e+002  1.6703649e+000  1.4120469e-001  1.0000000e+000  2.4282459e-003
  1.9097840e+001  2.0000066e+002  4.4687333e-001  1.9728577e+000  1.0000000e+000  2.4239385e-003
  3.7036199e+001  2.0000133e+002  1.6806226e+000  1.3948629e-001  1.0000000e+000  2.4217106e-003
  3.8752724e+001  2.0000127e+002  1.8400165e+000  1.1636646e-001  1.0000000e+000  2.4200166e-003
  2.2047905e+001  2.0000035e+002  5.9559345e-001  1.1106097e+000  1.0000000e+000  2.4198662e-003
  4.0086324e+001  2.0000000e+002  1.9688243e+000  1.0163506e-001  1.0000000e+000  2.4165568e-003
  2.7463045e+001  2.0000000e+002  9.2408483e-001  4.6135344e-001  1.0000000e+000  2.4143270e-003
  3.2727533e+001  2.0000000e+002  1.3123239e+000  2.2875753e-001  1.0000000e+000  2.4141504e-003
  4.9512033e+001  2.0000030e+002  3.0035624e+000  4.3670426e-002  1.0000000e+000  2.4128969e-003
  2.0569371e+001  2.0001443e+002  5.1842727e-001  1.4663527e+000  1.0000000e+000  2.4116448e-003
  3.6990709e+001  2.0000001e+002  1.6764855e+000  1.4017091e-001  1.0000000e+000  2.4109353e-003
  3.0148997e+001  2.0000013e+002  1.1136802e+000  3.1764198e-001  1.0000000e+000  2.4073932e-003
  3.9206432e+001  2.0000131e+002  1.8833540e+000  1.1107281e-001  1.0000000e+000  2.4052031e-003
  2.8622456e+001  2.0000024e+002  1.0037575e+000  3.9102319e-001  1.0000000e+000  2.4042792e-003
  2.1041201e+001  2.0000027e+002  5.4244547e-001  1.3389000e+000  1.0000000e+000  2.4028337e-003
  1.9839041e+001  2.0000011e+002  4.8223207e-001  1.6941291e+000  1.0000000e+000  2.3990770e-003
  2.6416992e+001  2.0000000e+002  8.5502975e-001  5.3888364e-001  1.0000000e+000  2.3965322e-003
  4.1228106e+001  2.0000012e+002  2.0825791e+000  9.0835535e-002  1.0000000e+000  2.3964824e-003
  4.8902820e+001  2.0000003e+002  2.9300994e+000  4.5887359e-002  1.0000000e+000  2.3962472e-003
  2.4092597e+001  2.0000000e+002  7.1118356e-001  7.7892211e-001  1.0000000e+000  2.3953635e-003
  3.2589580e+001  2.0000064e+002  1.3012879e+000  2.3265778e-001  1.0000000e+000  2.3938964e-003
  3.8054340e+001  2.0000000e+002  1.7742829e+000  1.2514449e-001  1.0000000e+000  2.3906639e-003
  4.3473328e+001  2.0000004e+002  2.3155829e+000  7.3474590e-002  1.0000000e+000  2.3900884e-003
  2.2911403e+001  2.0000017e+002  6.4315880e-001  9.5240765e-001  1.0000000e+000  2.3891526e-003
  2.6746645e+001  2.0000000e+002  8.7650239e-001  5.1280384e-001  1.0000000e+000  2.3890561e-003
  2.5617922e+001  2.0000063e+002  8.0408810e-001  6.0933625e-001  1.0000000e+000  2.3834058e-003
  4.1811674e+001  2.0000048e+002  2.1419564e+000  8.5869984e-002  1.0000000e+000  2.3833934e-003
  4.1072764e+001  2.0000039e+002  2.0669177e+000  9.2217921e-002  1.0000000e+000  2.3833704e-003
  2.0958939e+001  2.0000000e+002  5.3821162e-001  1.3600388e+000  1.0000000e+000  2.3819832e-003
  2.9802613e+001  2.0000327e+002  1.0882540e+000  3.3268437e-001  1.0000000e+000  2.3785320e-003
  2.1026008e+001  2.0000000e+002  5.4166169e-001  1.3427687e+000  1.0000000e+000  2.3767284e-003
  2.9476879e+001  2.0002747e+002  1.0647242e+000  3.4776145e-001  1.0000000e+000  2.3766452e-003
  4.0495246e+001  2.0000001e+002  2.0091973e+000  9.7591589e-002  1.0000000e+000  2.3755101e-003
  2.7708994e+001  2.0000321e+002  9.4072561e-001  4.4521151e-001  1.0000000e+000  2.3753621e-003
  2.1757995e+001  2.0000016e+002  5.8003280e-001  1.1709924e+000  1.0000000e+000  2.3698569e-003
  2.0024054e+001  2.0000000e+002  4.9126800e-001  1.6323771e+000  1.0000000e+000  2.3671965e-003
  2.5400215e+001  2.0000001e+002  7.9047712e-001  6.3049111e-001  1.0000000e+000  2.3651887e-003
  1.9211402e+001  2.0000000e+002  4.5220215e-001  1.9266029e+000  1.0000000e+000  2.3623615e-003
  3.2884813e+001  2.0000007e+002  1.3249679e+000  2.2441271e-001  1.0000000e+000  2.3620904e-003
  4.7063085e+001  2.0000001e+002  2.7137840e+000  5.3494239e-002  1.0000000e+000  2.3590728e-003
  2.3698721e+001  2.0000005e+002  6.8812035e-001  8.3201118e-001  1.0000000e+000  2.3548520e-003
  2.8882891e+001  2.0000000e+002  1.0221057e+000  3.7710809e-001  1.0000000e+000  2.3505132e-003
  2.0747750e+001  2.0000000e+002  5.2741986e-001  1.4162649e+000  1.0000000e+000  2.3446257e-003
  3.9247415e+001  2.0000000e+002  1.8872811e+000  1.1060742e-001  1.0000000e+000  2.3441163e-003
  2.9725258e+001  2.0002197e+002  1.0827132e+000  3.3625527e-001  1.0000000e+000  2.3440299e-003
  2.3309802e+001  2.0000001e+002  6.6572008e-001  8.8894361e-001  1.0000000e+000  2.3419655e-003
  4.7708606e+001  2.0000003e+002  2.7887398e+000  5.0657267e-002  1.0000000e+000  2.3413140e-003
  2.2896970e+001  2.0000007e+002  6.4234844e-001  9.5480969e-001  1.0000000e+000  2.3390686e-003
  3.8964199e+001  2.0000008e+002  1.8601422e+000  1.1385864e-001  1.0000000e+000  2.3373212e-003
  4.3686762e+001  2.0000001e+002  2.3383753e+000  7.2049188e-002  1.0000000e+000  2.3350271e-003
  4.3932793e+001  2.0000001e+002  2.3647875e+000  7.0448746e-002  1.0000000e+000  2.3349054e-003
  4.9372585e+001  2.0000029e+002  2.9866673e+000  4.4165885e-002  1.0000000e+000  2.3341730e-003
  4.2511078e+001  2.0000000e+002  2.2142095e+000  8.0356317e-002  1.0000000e+000  2.3335690e-003
  2.2253628e+001  2.0000035e+002  6.0675992e-001  1.0701077e+000  1.0000000e+000  2.3312918e-003
  2.5562896e+001  2.0000000e+002  8.0063504e-001  6.1459392e-001  1.0000000e+000  2.3274161e-003
  2.3713353e+001  2.0000005e+002  6.8897032e-001  8.2995962e-001  1.0000000e+000  2.3269826e-003
  3.6029557e+001  2.0000006e+002  1.5904955e+000  1.5573750e-001  1.0000000e+000  2.3244390e-003
  2.3241400e+001  2.0000000e+002  6.6181875e-001  8.9945474e-001  1.0000000e+000  2.3196279e-003
  2.0171002e+001  2.0000130e+002  4.9850816e-001  1.5853568e+000  1.0000000e+000  2.3195074e-003
  4.0746111e+001  2.0001503e+002  2.0343208e+000  9.5231749e-002  1.0000000e+000  2.3194559e-003
  1.9244464e+001  2.0000003e+002  4.5375996e-001  1.9133984e+000  1.0000000e+000  2.3151832e-003
  2.5117778e+001  2.0000002e+002  7.7299548e-001  6.5933132e-001  1.0000000e+000  2.3113065e-003
  4.0152539e+001  2.0000002e+002  1.9753340e+000  1.0096633e-001  1.0000000e+000  2.3097421e-003
  4.8154597e+001  2.0000080e+002  2.8411341e+000  4.8807064e-002  1.0000000e+000  2.3094101e-003
  4.3548575e+001  2.0000061e+002  2.3236125e+000  7.2968706e-002  1.0000000e+000  2.3066774e-003
  2.0092585e+001  2.0000001e+002  4.9463650e-001  1.6102203e+000  1.0000000e+000  2.3066123e-003
  1.9124810e+001  2.0000001e+002  4.4813490e-001  1.9617334e+000  1.0000000e+000  2.3058637e-003
  4.6547208e+001  2.0000000e+002  2.6546163e+000  5.5905424e-002  1.0000000e+000  2.3044229e-003
  2.5326569e+001  2.0000000e+002  7.8589982e-001  6.3785661e-001  1.0000000e+000  2.3041606e-003
  3.6093750e+001  2.0000006e+002  1.5961681e+000  1.5463254e-001  1.0000000e+000  2.3005105e-003
  2.9345741e+001  2.0001645e+002  1.0552135e+000  3.5396095e-001  1.0000000e+000  2.2986076e-003
  2.2967439e+001  2.0001937e+002  6.4637071e-001  9.4341854e-001  1.0000000e+000  2.2972648e-003
  1.9912192e+001  2.0000006e+002  4.8579470e-001  1.6693698e+000  1.0000000e+000  2.2962604e-003
  2.5293678e+001  2.0007229e+002  7.8414327e-001  6.4187637e-001  1.0000000e+000  2.2943534e-003
  2.0664232e+001  2.0000000e+002  5.2318226e-001  1.4393004e+000  1.0000000e+000  2.2902267e-003
  4.1031295e+001  2.0000003e+002  2.0627424e+000  9.2590800e-002  1.0000000e+000  2.2877024e-003
  1.9450569e+001  2.0000055e+002  4.6353260e-001  1.8335926e+000  1.0000000e+000  2.2869466e-003
  2.5449321e+001  2.0003386e+002  7.9367078e-001  6.2595661e-001  1.0000000e+000  2.2851507e-003
  2.4180920e+001  2.0000791e+002  7.1643587e-001  7.6769505e-001  1.0000000e+000  2.2820577e-003
  2.5763769e+001  2.0000000e+002  8.1326724e-001  5.9564965e-001  1.0000000e+000  2.2772825e-003
  2.8612526e+001  2.0000000e+002  1.0030599e+000  3.9156484e-001  1.0000000e+000  2.2761845e-003
  2.5838587e+001  2.0000000e+002  8.1799755e-001  5.8878053e-001  1.0000000e+000  2.2746928e-003
  3.9411212e+001  2.0000117e+002  1.9030781e+000  1.0878197e-001  1.0000000e+000  2.2744994e-003
  2.9674662e+001  2.0000009e+002  1.0789125e+000  3.3844332e-001  1.0000000e+000  2.2734264e-003
  2.0366976e+001  2.0000000e+002  5.0823853e-001  1.5251841e+000  1.0000000e+000  2.2693111e-003
  3.5616989e+001  2.0000163e+002  1.5542913e+000  1.6308360e-001  1.0000000e+000  2.2683997e-003
  2.2183557e+001  2.0000134e+002  6.0294783e-001  1.0837085e+000  1.0000000e+000  2.2651651e-003
  2.1918430e+001  2.0000025e+002  5.8861849e-001  1.1370835e+000  1.0000000e+000  2.2647064e-003
  2.0261106e+001  2.0000000e+002  5.0296849e-001  1.5573129e+000  1.0000000e+000  2.2644144e-003
  2.7566687e+001  2.0000329e+002  9.3108812e-001  4.5447668e-001  1.0000000e+000  2.2614254e-003
  2.5013932e+001  2.0000002e+002  7.6661699e-001  6.7034867e-001  1.0000000e+000  2.2584758e-003
  1.9886002e+001  2.0000404e+002  4.8452728e-001  1.6782818e+000  1.0000000e+000  2.2544865e-003
  1.9778382e+001  2.0000274e+002  4.7929398e-001  1.7150757e+000  1.0000000e+000  2.2496986e-003
  2.2827916e+001  2.0000002e+002  6.3847965e-001  9.6641468e-001  1.0000000e+000  2.2496939e-003
  2.3109634e+001  2.0000028e+002  6.5433663e-001  9.2014866e-001  1.0000000e+000  2.2479002e-003
  2.5277184e+001  2.0000222e+002  7.8284663e-001  6.4287742e-001  1.0000000e+000  2.2460627e-003
  2.7401885e+001  2.0000079e+002  9.1997723e-001  4.6549158e-001  1.0000000e+000  2.2364019e-003
  1.9028639e+001  2.0000004e+002  4.4363934e-001  2.0016946e+000  1.0000000e+000  2.2359788e-003
  1.9578214e+001  2.0000053e+002  4.6963640e-001  1.7862396e+000  1.0000000e+000  2.2325668e-003
  1.9849986e+001  2.0000004e+002  4.8276410e-001  1.6903938e+000  1.0000000e+000  2.2309414e-003
  2.5352368e+001  2.0000001e+002  7.8750183e-001  6.3526432e-001  1.0000000e+000  2.2302026e-003
  3.0583860e+001  2.0000128e+002  1.1460454e+000  2.9996297e-001  1.0000000e+000  2.2277415e-003
  2.2629695e+001  2.0000034e+002  6.2744057e-001  1.0007277e+000  1.0000000e+000  2.2274179e-003
  2.8693726e+001  2.0000005e+002  1.0087614e+000  3.8715160e-001  1.0000000e+000  2.2222753e-003
  2.0268584e+001  2.0000274e+002  5.0334672e-001  1.5550798e+000  1.0000000e+000  2.2213900e-003
  2.7600182e+001  2.0000242e+002  9.3334806e-001  4.5226866e-001  1.0000000e+000  2.2213144e-003
  2.2937097e+001  2.0000001e+002  6.4460166e-001  9.4814496e-001  1.0000000e+000  2.2199330e-003
  2.2208120e+001  2.0000035e+002  6.0428088e-001  1.0789059e+000  1.0000000e+000  2.2166044e-003
  3.6749442e+001  2.0000000e+002  1.6546875e+000  1.4388830e-001  1.0000000e+000  2.2143907e-003
  4.1019367e+001  2.0000039e+002  2.0615470e+000  9.2699041e-002  1.0000000e+000  2.2126008e-003
  1.9562800e+001  2.0000001e+002  4.6889602e-001  1.7918614e+000  1.0000000e+000  2.2074163e-003
  2.1160007e+001  2.0000000e+002  5.4858773e-001  1.3090772e+000  1.0000000e+000  2.2055179e-003
  4.9891595e+001  2.0000000e+002  3.0497852e+000  4.2356392e-002  1.0000000e+000  2.2054666e-003
  2.0658144e+001  2.0000039e+002  5.2287503e-001  1.4410062e+000  1.0000000e+000  2.2048146e-003
  2.6455258e+001  2.0000001e+002  8.5750864e-001  5.3577271e-001  1.0000000e+000  2.2040685e-003
  2.0857235e+001  2.0000000e+002  5.3300092e-001  1.3867607e+000  1.0000000e+000  2.2038999e-003
  1.9048230e+001  2.0000000e+002  4.4455318e-001  1.9934714e+000  1.0000000e+000  2.2033141e-003
  4.5080298e+001  2.0000002e+002  2.4899355e+000  6.3545020e-002  1.0000000e+000  2.1984113e-003
  4.9624535e+001  2.0000001e+002  3.0172230e+000  4.3275568e-002  1.0000000e+000  2.1965517e-003
  2.4398685e+001  2.0000042e+002  7.2937054e-001  7.4056898e-001  1.0000000e+000  2.1943698e-003
  2.4117239e+001  2.0000002e+002  7.1263920e-001  7.7574370e-001  1.0000000e+000  2.1935461e-003
  3.4385347e+001  2.0000000e+002  1.4486428e+000  1.8773052e-001  1.0000000e+000  2.1904331e-003
  1.9872561e+001  2.0000018e+002  4.8386315e-001  1.6827294e+000  1.0000000e+000  2.1897476e-003
  2.2181619e+001  2.0000035e+002  6.0283954e-001  1.0840712e+000  1.0000000e+000  2.1895073e-003
  2.0797042e+001  2.0000000e+002  5.2992892e-001  1.4028856e+000  1.0000000e+000  2.1893623e-003
  3.6834190e+001  2.0000000e+002  1.6623280e+000  1.4256864e-001  1.0000000e+000  2.1869789e-003
  2.0422076e+001  2.0000041e+002  5.1099322e-001  1.5087999e+000  1.0000000e+000  2.1856629e-003
  3.7372748e+001  2.0000006e+002  1.7112942e+000  1.3452679e-001  1.0000000e+000  2.1847638e-003
  4.1579555e+001  2.0000041e+002  2.1182394e+000  8.7803488e-002  1.0000000e+000  2.1842123e-003
  2.2981200e+001  2.0000783e+002  6.4710818e-001  9.4099793e-001  1.0000000e+000  2.1827310e-003
  1.9231381e+001  2.0000007e+002  4.5314330e-001  1.9186114e+000  1.0000000e+000  2.1814751e-003
  3.6568905e+001  2.0000026e+002  1.6384717e+000  1.4675145e-001  1.0000000e+000  2.1808048e-003
  2.8783347e+001  2.0000000e+002  1.0150725e+000  3.8235198e-001  1.0000000e+000  2.1806781e-003
  3.8924752e+001  2.0000000e+002  1.8563770e+000  1.1432075e-001  1.0000000e+000  2.1794223e-003
  3.5184175e+001  2.0000091e+002  1.5167403e+000  1.7125566e-001  1.0000000e+000  2.1790363e-003
  2.2421424e+001  2.0000025e+002  6.1594423e-001  1.0384303e+000  1.0000000e+000  2.1767968e-003
  2.0315484e+001  2.0000051e+002  5.0567319e-001  1.5407178e+000  1.0000000e+000  2.1761503e-003
  4.5123449e+001  2.0001568e+002  2.4948998e+000  6.3317161e-002  1.0000000e+000  2.1742344e-003
  3.4443304e+001  2.0000161e+002  1.4535420e+000  1.8647464e-001  1.0000000e+000  2.1713816e-003
  2.0083643e+001  2.0000000e+002  4.9419627e-001  1.6130897e+000  1.0000000e+000  2.1711852e-003
  3.4690558e+001  2.0000035e+002  1.4744763e+000  1.8121144e-001  1.0000000e+000  2.1710425e-003
  1.9860050e+001  2.0000018e+002  4.8325411e-001  1.6869736e+000  1.0000000e+000  2.1696615e-003
  2.1366296e+001  2.0000015e+002  5.5933665e-001  1.2592518e+000  1.0000000e+000  2.1680534e-003
  2.2099191e+001  2.0000000e+002  5.9836644e-001  1.1003301e+000  1.0000000e+000  2.1665553e-003
  3.9104940e+001  2.0000016e+002  1.8736052e+000  1.1222847e-001  1.0000000e+000  2.1640880e-003
  2.4221276e+001  2.0000021e+002  7.1880152e-001  7.6250343e-001  1.0000000e+000  2.1633116e-003
  4.8538630e+001  2.0000002e+002  2.8866195e+000  4.7280121e-002  1.0000000e+000  2.1619128e-003
  2.1660773e+001  2.0000002e+002  5.7486044e-001  1.1921552e+000  1.0000000e+000  2.1591007e-003
  2.5524111e+001  2.0003365e+002  7.9834170e-001  6.1865021e-001  1.0000000e+000  2.1576538e-003
  2.5423488e+001  2.0000001e+002  7.9192631e-001  6.2818559e-001  1.0000000e+000  2.1576443e-003
  2.8944537e+001  2.0000322e+002  1.0264899e+000  3.7392371e-001  1.0000000e+000  2.1568071e-003
  2.5761391e+001  2.0000019e+002  8.1311788e-001  5.9587140e-001  1.0000000e+000  2.1557947e-003
  2.1147534e+001  2.0000018e+002  5.4794168e-001  1.3121720e+000  1.0000000e+000  2.1535329e-003
  4.8165796e+001  2.0000002e+002  2.8424446e+000  4.8761118e-002  1.0000000e+000  2.1489216e-003
  4.4344213e+001  2.0000000e+002  2.4092862e+000  6.7870441e-002  1.0000000e+000  2.1461083e-003
  2.4093657e+001  2.0000002e+002  7.1124620e-001  7.7878527e-001  1.0000000e+000  2.1448925e-003
  2.8243165e+001  2.0000003e+002  9.7733010e-001  4.1245368e-001  1.0000000e+000  2.1426510e-003
  2.2729383e+001  2.0000000e+002  6.3297969e-001  9.8328157e-001  1.0000000e+000  2.1392670e-003
  2.6552457e+001  2.0003292e+002  8.6396349e-001  5.2823116e-001  1.0000000e+000  2.1391704e-003
  1.9396484e+001  2.0000371e+002  4.6096564e-001  1.8542172e+000  1.0000000e+000  2.1384536e-003
  2.5636788e+001  2.0000000e+002  8.0527034e-001  6.0753891e-001  1.0000000e+000  2.1380404e-003
  4.6168073e+001  2.0000002e+002  2.6115481e+000  5.7764583e-002  1.0000000e+000  2.1378666e-003
  1.9215260e+001  2.0000003e+002  4.5238383e-001  1.9250570e+000  1.0000000e+000  2.1362769e-003
  2.0128891e+001  2.0000000e+002  4.9642562e-001  1.5986341e+000  1.0000000e+000  2.1352819e-003
  2.2790750e+001  2.0001693e+002  6.3645614e-001  9.7298091e-001  1.0000000e+000  2.1332191e-003
  4.8347173e+001  2.0000000e+002  2.8638922e+000  4.8033491e-002  1.0000000e+000  2.1316751e-003
  2.0335546e+001  2.0000000e+002  5.0667111e-001  1.5346352e+000  1.0000000e+000  2.1312048e-003
  2.0136947e+001  2.0000000e+002  4.9682303e-001  1.5960776e+000  1.0000000e+000  2.1294644e-003
  4.6827864e+001  2.0000009e+002  2.6867260e+000  5.4577257e-002  1.0000000e+000  2.1243936e-003
  3.8519794e+001  2.0000110e+002  1.8179619e+000  1.1920648e-001  1.0000000e+000  2.1217037e-003
  3.2724336e+001  2.0000011e+002  1.3120682e+000  2.2884731e-001  1.0000000e+000  2.1182287e-003
  4.8600955e+001  2.0000001e+002  2.8940372e+000  4.7038055e-002  1.0000000e+000  2.1178030e-003
  4.2802257e+001  2.0000020e+002  2.2446481e+000  7.8192146e-002  1.0000000e+000  2.1165904e-003
  2.3877618e+001  2.0000015e+002  6.9854888e-001  8.0735682e-001  1.0000000e+000  2.1152747e-003
  4.7549246e+001  2.0000000e+002  2.7701402e+000  5.1339773e-002  1.0000000e+000  2.1152347e-003
  2.0034151e+001  2.0000112e+002  4.9176633e-001  1.6291159e+000  1.0000000e+000  2.1148219e-003
  3.6614718e+001  2.0000000e+002  1.6425775e+000  1.4601777e-001  1.0000000e+000  2.1146561e-003
  4.7775208e+001  2.0000007e+002  2.7965321e+000  5.0375414e-002  1.0000000e+000  2.1137124e-003
  2.2229936e+001  2.0000035e+002  6.0546864e-001  1.0746769e+000  1.0000000e+000  2.1132337e-003
  4.1746334e+001  2.0000016e+002  2.1352638e+000  8.6408439e-002  1.0000000e+000  2.1129875e-003
  1.9642724e+001  2.0000000e+002  4.7273515e-001  1.7628756e+000  1.0000000e+000  2.1118725e-003
  4.7921221e+001  2.0000001e+002  2.8136511e+000  4.9764204e-002  1.0000000e+000  2.1113361e-003
  1.9990637e+001  2.0000054e+002  4.8963104e-001  1.6433325e+000  1.0000000e+000  2.1112232e-003
  2.1224690e+001  2.0000032e+002  5.5194766e-001  1.2931984e+000  1.0000000e+000  2.1083923e-003
  1.9020545e+001  2.0000021e+002  4.4326235e-001  2.0051094e+000  1.0000000e+000  2.1063363e-003
  2.9580595e+001  2.0000334e+002  1.0721006e+000  3.4278566e-001  1.0000000e+000  2.1050601e-003
  2.7267352e+001  2.0003250e+002  9.1111036e-001  4.7497231e-001  1.0000000e+000  2.1019708e-003
  2.0495530e+001  2.0000000e+002  5.1467466e-001  1.4872772e+000  1.0000000e+000  2.1007049e-003
  2.8580479e+001  2.0000321e+002  1.0008303e+000  3.9334294e-001  1.0000000e+000  2.1006311e-003
  3.2066369e+001  2.0000103e+002  1.2598426e+000  2.4821958e-001  1.0000000e+000  2.0997272e-003
  2.2711407e+001  2.0000000e+002  6.3197888e-001  9.8639832e-001  1.0000000e+000  2.0991899e-003
  2.1328991e+001  2.0000010e+002  5.5738507e-001  1.2680834e+000  1.0000000e+000  2.0989184e-003
  1.9011686e+001  2.0000004e+002  4.4284916e-001  2.0088440e+000  1.0000000e+000  2.0983792e-003
  3.7376150e+001  2.0000000e+002  1.7116052e+000  1.3447769e-001  1.0000000e+000  2.0950037e-003
  2.8505021e+001  2.0004809e+002  9.9577590e-001  3.9779218e-001  1.0000000e+000  2.0945875e-003
  4.5222989e+001  2.0000002e+002  2.5057230e+000  6.2746804e-002  1.0000000e+000  2.0921249e-003
  2.2709941e+001  2.0000000e+002  6.3189731e-001  9.8665299e-001  1.0000000e+000  2.0921101e-003
  1.9557897e+001  2.0000063e+002  4.6866247e-001  1.7936758e+000  1.0000000e+000  2.0901931e-003
  2.4147248e+001  2.0000001e+002  7.1441371e-001  7.7189450e-001  1.0000000e+000  2.0896759e-003
  4.7242568e+001  2.0000000e+002  2.7345224e+000  5.2685910e-002  1.0000000e+000  2.0853427e-003
  2.0341920e+001  2.0000000e+002  5.0698882e-001  1.5327125e+000  1.0000000e+000  2.0851059e-003
  3.7604175e+001  2.0000001e+002  1.7325534e+000  1.3124545e-001  1.0000000e+000  2.0844128e-003
  4.6480936e+001  2.0000000e+002  2.6470626e+000  5.6224950e-002  1.0000000e+000  2.0805224e-003
  2.6635923e+001  2.0000000e+002  8.6926056e-001  5.2138375e-001  1.0000000e+000  2.0786022e-003
  3.8010487e+001  2.0000000e+002  1.7701960e+000  1.2572300e-001  1.0000000e+000  2.0772750e-003
  1.9251653e+001  2.0000276e+002  4.5410527e-001  1.9106200e+000  1.0000000e+000  2.0749937e-003
  4.7797570e+001  2.0000000e+002  2.7991496e+000  5.0281152e-002  1.0000000e+000  2.0731070e-003
  3.0401816e+001  2.0000000e+002  1.1324356e+000  3.0720650e-001  1.0000000e+000  2.0729869e-003
  4.2517464e+001  2.0000043e+002  2.2148795e+000  8.0308565e-002  1.0000000e+000  2.0712994e-003
  1.9036937e+001  2.0000004e+002  4.4402632e-001  1.9982067e+000  1.0000000e+000  2.0712203e-003
  4.2869316e+001  2.0000000e+002  2.2516847e+000  7.7703804e-002  1.0000000e+000  2.0706603e-003
  2.1005398e+001  2.0000000e+002  5.4060034e-001  1.3480463e+000  1.0000000e+000  2.0704865e-003
  2.2473106e+001  2.0000000e+002  6.1878630e-001  1.0289069e+000  1.0000000e+000  2.0680321e-003
  2.9879965e+001  2.0000327e+002  1.0939104e+000  3.2925274e-001  1.0000000e+000  2.0672063e-003
  2.1310319e+001  2.0000000e+002  5.5640931e-001  1.2725319e+000  1.0000000e+000  2.0642418e-003
  2.0347826e+001  2.0000000e+002  5.0728326e-001  1.5309337e+000  1.0000000e+000  2.0609036e-003
  2.9463801e+001  2.0000047e+002  1.0636361e+000  3.4823820e-001  1.0000000e+000  2.0546357e-003
  2.3433020e+001  2.0001891e+002  6.7284041e-001  8.7064003e-001  1.0000000e+000  2.0530935e-003
  3.6116239e+001  2.0000095e+002  1.5981649e+000  1.5424979e-001  1.0000000e+000  2.0526100e-003
  4.9764638e+001  2.0000230e+002  3.0343185e+000  4.2791752e-002  1.0000000e+000  2.0525023e-003
  2.1314705e+001  2.0000032e+002  5.5663927e-001  1.2714909e+000  1.0000000e+000  2.0512250e-003
  3.0284998e+001  2.0000000e+002  1.1237497e+000  3.1197390e-001  1.0000000e+000  2.0506549e-003
  4.5625946e+001  2.0000002e+002  2.5505761e+000  6.0559330e-002  1.0000000e+000  2.0505661e-003
  2.1260044e+001  2.0000000e+002  5.5378707e-001  1.2846116e+000  1.0000000e+000  2.0496398e-003
  2.0516045e+001  2.0000053e+002  5.1570685e-001  1.4813489e+000  1.0000000e+000  2.0495722e-003
  4.3889312e+001  2.0000001e+002  2.3601088e+000  7.0728337e-002  1.0000000e+000  2.0492804e-003
  3.7422505e+001  2.0000000e+002  1.7158535e+000  1.3381263e-001  1.0000000e+000  2.0478632e-003
  2.6198692e+001  2.0000000e+002  8.4095683e-001  5.5707035e-001  1.0000000e+000  2.0476453e-003
  2.6328182e+001  2.0000000e+002  8.4929039e-001  5.4619161e-001  1.0000000e+000  2.0473163e-003
  4.1542253e+001  2.0000000e+002  2.1144361e+000  8.8118746e-002  1.0000000e+000  2.0470221e-003
  2.1777761e+001  2.0000994e+002  5.8111560e-001  1.1669180e+000  1.0000000e+000  2.0469476e-003
  2.2494246e+001  2.0000010e+002  6.1995130e-001  1.0250461e+000  1.0000000e+000  2.0445663e-003
  4.6001941e+001  2.0000021e+002  2.5927894e+000  5.8603726e-002  1.0000000e+000  2.0439292e-003
  2.5471902e+001  2.0000002e+002  7.9494531e-001  6.2342343e-001  1.0000000e+000  2.0415480e-003
  4.9797634e+001  2.0000000e+002  3.0383087e+000  4.2676978e-002  1.0000000e+000  2.0406230e-003
  2.0320857e+001  2.0000049e+002  5.0594065e-001  1.5390886e+000  1.0000000e+000  2.0405882e-003
  2.3796722e+001  2.0000012e+002  6.9382350e-001  8.1839087e-001  1.0000000e+000  2.0387657e-003
  2.0946327e+001  2.0001942e+002  5.3761626e-001  1.3637148e+000  1.0000000e+000  2.0359006e-003
  4.7165629e+001  2.0000001e+002  2.7256229e+000  5.3030539e-002  1.0000000e+000  2.0349386e-003
  1.9639783e+001  2.0000000e+002  4.7259362e-001  1.7639316e+000  1.0000000e+000  2.0335523e-003
  1.9686741e+001  2.0000000e+002  4.7485622e-001  1.7471622e+000  1.0000000e+000  2.0324011e-003
  4.5824633e+001  2.0000000e+002  2.5728382e+000  5.9515832e-002  1.0000000e+000  2.0300411e-003
  2.2165049e+001  2.0000036e+002  6.0193922e-001  1.0873166e+000  1.0000000e+000  2.0299313e-003
  4.5570335e+001  2.0000066e+002  2.5443706e+000  6.0856069e-002  1.0000000e+000  2.0296243e-003
  2.2813708e+001  2.0000387e+002  6.3769739e-001  9.6888054e-001  1.0000000e+000  2.0291892e-003
  2.0969989e+001  2.0000001e+002  5.3877929e-001  1.3571748e+000  1.0000000e+000  2.0281923e-003
  1.9402731e+001  2.0000003e+002  4.6125411e-001  1.8517283e+000  1.0000000e+000  2.0265778e-003
  2.5589850e+001  2.0000129e+002  8.0232948e-001  6.1202050e-001  1.0000000e+000  2.0261601e-003
  1.9348141e+001  2.0000277e+002  4.5866858e-001  1.8727921e+000  1.0000000e+000  2.0259809e-003
  4.9752178e+001  2.0000000e+002  3.0327645e+000  4.2833157e-002  1.0000000e+000  2.0256332e-003
  4.8315711e+001  2.0000000e+002  2.8601660e+000  4.8158726e-002  1.0000000e+000  2.0229700e-003
  2.7098504e+001  2.0000057e+002  8.9971791e-001  4.8668835e-001  1.0000000e+000  2.0221479e-003
  3.7201642e+001  2.0000001e+002  1.6956598e+000  1.3701880e-001  1.0000000e+000  2.0198490e-003
  1.9787547e+001  2.0000055e+002  4.7973301e-001  1.7118440e+000  1.0000000e+000  2.0198228e-003
  1.9460093e+001  2.0000274e+002  4.6399173e-001  1.8300659e+000  1.0000000e+000  2.0155163e-003
  2.2105300e+001  2.0000001e+002  5.9869734e-001  1.0991144e+000  1.0000000e+000  2.0152124e-003
  4.1189424e+001  2.0000000e+002  2.0786718e+000  9.1177075e-002  1.0000000e+000  2.0122068e-003
  2.7778515e+001  2.0000828e+002  9.4547602e-001  4.4080480e-001  1.0000000e+000  2.0115047e-003
  2.6382905e+001  2.0000001e+002  8.5282463e-001  5.4167417e-001  1.0000000e+000  2.0080011e-003
  3.9745166e+001  2.0000005e+002  1.9354557e+000  1.0516992e-001  1.0000000e+000  2.0078544e-003
  4.5080723e+001  2.0000017e+002  2.4899843e+000  6.3542765e-002  1.0000000e+000  2.0060791e-003
  2.0800594e+001  2.0000000e+002  5.3010995e-001  1.4019276e+000  1.0000000e+000  2.0059728e-003
  4.0385025e+001  2.0000004e+002  1.9982751e+000  9.8661403e-002  1.0000000e+000  2.0048584e-003
  4.4180423e+001  2.0007774e+002  2.3924507e+000  6.8962878e-002  1.0000000e+000  2.0012678e-003
  3.3757622e+001  2.0000032e+002  1.3962361e+000  2.0208924e-001  1.0000000e+000  2.0010099e-003
  4.6316445e+001  2.0000000e+002  2.6283604e+000  5.7027932e-002  1.0000000e+000  2.0002151e-003
  4.2245678e+001  2.0000062e+002  2.1866557e+000  8.2395481e-002  1.0000000e+000  1.9993001e-003
  4.9949758e+001  2.0000033e+002  3.0569052e+000  4.2159655e-002  1.0000000e+000  1.9989893e-003
  2.0829250e+001  2.0000000e+002  5.3157158e-001  1.3942285e+000  1.0000000e+000  1.9977622e-003
  1.9661018e+001  2.0000004e+002  4.7361621e-001  1.7563246e+000  1.0000000e+000  1.9898544e-003
  2.8907644e+001  2.0000284e+002  1.0238729e+000  3.7583409e-001  1.0000000e+000  1.9890809e-003
  1.9969153e+001  2.0000106e+002  4.8858043e-001  1.6504290e+000  1.0000000e+000  1.9882304e-003
  1.9437710e+001  2.0000000e+002  4.6291863e-001  1.8384344e+000  1.0000000e+000  1.9861988e-003
  2.4162695e+001  2.0000002e+002  7.1532806e-001  7.6992275e-001  1.0000000e+000  1.9829861e-003
  4.6829146e+001  2.0000009e+002  2.6868730e+000  5.4571277e-002  1.0000000e+000  1.9819949e-003
  4.0943180e+001  2.0000000e+002  2.0538920e+000  9.3390398e-002  1.0000000e+000  1.9816631e-003
  1.9407102e+001  2.0000051e+002  4.6146310e-001  1.8500739e+000  1.0000000e+000  1.9791040e-003
  2.0465790e+001  2.0000000e+002  5.1318214e-001  1.4959409e+000  1.0000000e+000  1.9786818e-003
  2.0006777e+001  2.0001554e+002  4.9045876e-001  1.6384049e+000  1.0000000e+000  1.9766066e-003
  1.9656394e+001  2.0000049e+002  4.7339456e-001  1.7579894e+000  1.0000000e+000  1.9763417e-003
  4.9712977e+001  2.0000031e+002  3.0279917e+000  4.2968621e-002  1.0000000e+000  1.9751907e-003
  3.8243176e+001  2.0000001e+002  1.7919356e+000  1.2269101e-001  1.0000000e+000  1.9743487e-003
  3.9392138e+001  2.0000118e+002  1.9012365e+000  1.0899284e-001  1.0000000e+000  1.9742378e-003
  1.9670927e+001  2.0000000e+002  4.7409366e-001  1.7527870e+000  1.0000000e+000  1.9724591e-003
  4.2150805e+001  2.0000000e+002  2.1768386e+000  8.3139039e-002  1.0000000e+000  1.9716618e-003
  3.3628284e+001  2.0000063e+002  1.3855598e+000  2.0521723e-001  1.0000000e+000  1.9713366e-003
  1.9237980e+001  2.0000000e+002  4.5345421e-001  1.9159783e+000  1.0000000e+000  1.9710373e-003
  4.4829271e+001  2.0000000e+002  2.4622823e+000  6.4980310e-002  1.0000000e+000  1.9699626e-003
  4.9548812e+001  2.0000000e+002  3.0080218e+000  4.3540710e-002  1.0000000e+000  1.9691253e-003
  3.5415335e+001  2.0000007e+002  1.5367292e+000  1.6682592e-001  1.0000000e+000  1.9691108e-003
  3.0418037e+001  2.0000125e+002  1.1336515e+000  3.0655746e-001  1.0000000e+000  1.9686596e-003
  4.1124166e+001  2.0000000e+002  2.0720904e+000  9.1757181e-002  1.0000000e+000  1.9685340e-003
  4.3861958e+001  2.0000001e+002  2.3571680e+000  7.0904936e-002  1.0000000e+000  1.9644786e-003
  4.1791658e+001  2.0000000e+002  2.1399010e+000  8.6033992e-002  1.0000000e+000  1.9629123e-003
  2.0067025e+001  2.0000000e+002  4.9337878e-001  1.6184396e+000  1.0000000e+000  1.9613369e-003
  2.6062756e+001  2.0007263e+002  8.3255486e-001  5.6940359e-001  1.0000000e+000  1.9595021e-003
  1.9632462e+001  2.0000000e+002  4.7224137e-001  1.7665642e+000  1.0000000e+000  1.9585342e-003
  1.9053941e+001  2.0000001e+002  4.4481984e-001  1.9910827e+000  1.0000000e+000  1.9572126e-003
  3.4280158e+001  2.0000156e+002  1.4398044e+000  1.9004978e-001  1.0000000e+000  1.9559865e-003
  4.1766222e+001  2.0000000e+002  2.1372970e+000  8.6243770e-002  1.0000000e+000  1.9547807e-003
  2.7431146e+001  2.0000000e+002  9.2193940e-001  4.6350316e-001  1.0000000e+000  1.9482725e-003
  2.0306962e+001  2.0000000e+002  5.0524775e-001  1.5432940e+000  1.0000000e+000  1.9479132e-003
  3.6514285e+001  2.0000000e+002  1.6335788e+000  1.4763090e-001  1.0000000e+000  1.9445248e-003
  2.0400836e+001  2.0000037e+002  5.0993075e-001  1.5150921e+000  1.0000000e+000  1.9408073e-003
  1.9457510e+001  2.0000000e+002  4.6386223e-001  1.8309624e+000  1.0000000e+000  1.9393057e-003
  2.6766254e+001  2.0000000e+002  8.7778807e-001  5.1130272e-001  1.0000000e+000  1.9363633e-003
  1.9600114e+001  2.0000060e+002  4.7068785e-001  1.7782712e+000  1.0000000e+000  1.9358617e-003
  3.9484754e+001  2.0000000e+002  1.9101758e+000  1.0797190e-001  1.0000000e+000  1.9318955e-003
  2.1422278e+001  2.0000033e+002  5.6227204e-001  1.2461434e+000  1.0000000e+000  1.9311348e-003
  2.9056506e+001  2.0000322e+002  1.0344470e+000  3.6819332e-001  1.0000000e+000  1.9287429e-003
  4.1162725e+001  2.0000000e+002  2.0759778e+000  9.1413856e-002  1.0000000e+000  1.9287161e-003
  2.4470451e+001  2.0000058e+002  7.3366820e-001  7.3192122e-001  1.0000000e+000  1.9268401e-003
  3.4858364e+001  2.0000034e+002  1.4887755e+000  1.7774718e-001  1.0000000e+000  1.9265235e-003
  3.2345968e+001  2.0000066e+002  1.2819061e+000  2.3974644e-001  1.0000000e+000  1.9258998e-003
  2.6397215e+001  2.0000001e+002  8.5375003e-001  5.4050054e-001  1.0000000e+000  1.9248055e-003
  4.3908308e+001  2.0000001e+002  2.3621523e+000  7.0606019e-002  1.0000000e+000  1.9231187e-003
  4.9711177e+001  2.0000000e+002  3.0277679e+000  4.2974645e-002  1.0000000e+000  1.9219347e-003
  4.0168974e+001  2.0000006e+002  1.9769518e+000  1.0080125e-001  1.0000000e+000  1.9201002e-003
  1.9180772e+001  2.0000004e+002  4.5076141e-001  1.9389400e+000  1.0000000e+000  1.9198712e-003
  2.1338944e+001  2.0000010e+002  5.5790535e-001  1.2657194e+000  1.0000000e+000  1.9159535e-003
  4.6508792e+001  2.0000001e+002  2.6502364e+000  5.6090368e-002  1.0000000e+000  1.9140515e-003
  1.9308115e+001  2.0000000e+002  4.5676649e-001  1.8882912e+000  1.0000000e+000  1.9111122e-003
  2.8573818e+001  2.0000317e+002  1.0003637e+000  3.9370964e-001  1.0000000e+000  1.9108288e-003
  2.3816240e+001  2.0000000e+002  6.9496174e-001  8.1570976e-001  1.0000000e+000  1.9107493e-003
  2.6018963e+001  2.0000126e+002  8.2946332e-001  5.7263352e-001  1.0000000e+000  1.9097002e-003
  3.8067239e+001  2.0000007e+002  1.7754866e+000  1.2497508e-001  1.0000000e+000  1.9081978e-003
  2.5345547e+001  2.0000001e+002  7.8707812e-001  6.3594834e-001  1.0000000e+000  1.9074602e-003
  2.7353963e+001  2.0000002e+002  9.1675870e-001  4.6875677e-001  1.0000000e+000  1.9057009e-003
  3.3102676e+001  2.0012436e+002  1.3434164e+000  2.1897067e-001  1.0000000e+000  1.9047537e-003
  4.2251265e+001  2.0000037e+002  2.1872313e+000  8.2351596e-002  1.0000000e+000  1.9043011e-003
  4.5865816e+001  2.0000000e+002  2.5774648e+000  5.9302367e-002  1.0000000e+000  1.9039652e-003
  2.8862652e+001  2.0000000e+002  1.0206737e+000  3.7816695e-001  1.0000000e+000  1.9027882e-003
  3.5294011e+001  2.0000038e+002  1.5262207e+000  1.6913244e-001  1.0000000e+000  1.8983274e-003
  2.2280317e+001  2.0000030e+002  6.0821601e-001  1.0649886e+000  1.0000000e+000  1.8976451e-003
  3.9704724e+001  2.0000117e+002  1.9315297e+000  1.0560083e-001  1.0000000e+000  1.8975832e-003
  2.7434608e+001  2.0000005e+002  9.2217236e-001  4.6326959e-001  1.0000000e+000  1.8931741e-003
  1.9954238e+001  2.0000000e+002  4.8784826e-001  1.6553427e+000  1.0000000e+000  1.8927214e-003
  1.9894775e+001  2.0000057e+002  4.8494645e-001  1.6752362e+000  1.0000000e+000  1.8906115e-003
  4.1592966e+001  2.0000023e+002  2.1196041e+000  8.7690062e-002  1.0000000e+000  1.8904256e-003
  4.2737277e+001  2.0000000e+002  2.2378356e+000  7.8668538e-002  1.0000000e+000  1.8893859e-003
  2.8236505e+001  2.0000000e+002  9.7686906e-001  4.1284282e-001  1.0000000e+000  1.8865098e-003
  3.6529875e+001  2.0000000e+002  1.6349740e+000  1.4737904e-001  1.0000000e+000  1.8845429e-003
  2.0101699e+001  2.0000001e+002  4.9508532e-001  1.6073020e+000  1.0000000e+000  1.8843497e-003
  4.0786862e+001  2.0003169e+002  2.0385618e+000  9.4875426e-002  1.0000000e+000  1.8840959e-003
  1.9569810e+001  2.0000000e+002  4.6923207e-001  1.7892957e+000  1.0000000e+000  1.8839757e-003
  2.0574580e+001  2.0000001e+002  5.1865247e-001  1.4645514e+000  1.0000000e+000  1.8832277e-003
  4.8238204e+001  2.0000005e+002  2.8509976e+000  4.8469028e-002  1.0000000e+000  1.8823120e-003
  3.7438375e+001  2.0000001e+002  1.7173091e+000  1.3358588e-001  1.0000000e+000  1.8807796e-003
  3.8777125e+001  2.0000002e+002  1.8423229e+000  1.1607165e-001  1.0000000e+000  1.8803288e-003
  2.9951276e+001  2.0000009e+002  1.0991205e+000  3.2611276e-001  1.0000000e+000  1.8795406e-003
  3.5020553e+001  2.0000039e+002  1.5026621e+000  1.7447733e-001  1.0000000e+000  1.8793135e-003
  2.8275079e+001  2.0000006e+002  9.7954017e-001  4.1059492e-001  1.0000000e+000  1.8789775e-003
  2.9861263e+001  2.0000323e+002  1.0925412e+000  3.3007821e-001  1.0000000e+000  1.8788303e-003
  1.9919936e+001  2.0000000e+002  4.8617244e-001  1.6667742e+000  1.0000000e+000  1.8784244e-003
  4.4704421e+001  2.0000000e+002  2.4485864e+000  6.5709263e-002  1.0000000e+000  1.8768450e-003
  4.7744137e+001  2.0000006e+002  2.7928956e+000  5.0506662e-002  1.0000000e+000  1.8747462e-003
  2.0693543e+001  2.0000000e+002  5.2466753e-001  1.4311629e+000  1.0000000e+000  1.8740577e-003
  2.6825378e+001  2.0000000e+002  8.8167024e-001  5.0680990e-001  1.0000000e+000  1.8729977e-003
  3.3652177e+001  2.0000031e+002  1.3875271e+000  2.0463403e-001  1.0000000e+000  1.8713514e-003
  3.6168359e+001  2.0000000e+002  1.6027732e+000  1.5336042e-001  1.0000000e+000  1.8684929e-003
  2.2505570e+001  2.0000038e+002  6.2057652e-001  1.0229889e+000  1.0000000e+000  1.8683946e-003
  4.0734937e+001  2.0000006e+002  2.0330531e+000  9.5314870e-002  1.0000000e+000  1.8677948e-003
  3.6658618e+001  2.0000000e+002  1.6465186e+000  1.4531958e-001  1.0000000e+000  1.8675153e-003
  2.7797521e+001  2.0000000e+002  9.4673101e-001  4.3954591e-001  1.0000000e+000  1.8660469e-003
  3.7698611e+001  2.0000115e+002  1.7412762e+000  1.2993751e-001  1.0000000e+000  1.8646803e-003
  2.2666445e+001  2.0000000e+002  6.2947908e-001  9.9424831e-001  1.0000000e+000  1.8646310e-003
  2.5662798e+001  2.0000007e+002  8.0690546e-001  6.0508016e-001  1.0000000e+000  1.8633888e-003
  2.1457297e+001  2.0000037e+002  5.6411194e-001  1.2380291e+000  1.0000000e+000  1.8578193e-003
  4.1430627e+001  2.0000000e+002  2.1030883e+000  8.9072255e-002  1.0000000e+000  1.8576541e-003
  4.4868388e+001  2.0000061e+002  2.4665887e+000  6.4754602e-002  1.0000000e+000  1.8545032e-003
  1.9283962e+001  2.0000050e+002  4.5562558e-001  1.8977836e+000  1.0000000e+000  1.8540996e-003
  2.5647841e+001  2.0000002e+002  8.0596490e-001  6.0649241e-001  1.0000000e+000  1.8532750e-003
  2.2044209e+001  2.0000036e+002  5.9539380e-001  1.1113547e+000  1.0000000e+000  1.8514283e-003
  3.0700935e+001  2.0000130e+002  1.1548365e+000  2.9541365e-001  1.0000000e+000  1.8504198e-003
  3.4522963e+001  2.0000000e+002  1.4602614e+000  1.8475501e-001  1.0000000e+000  1.8502482e-003
  2.1859800e+001  2.0000020e+002  5.8547358e-001  1.1493308e+000  1.0000000e+000  1.8499131e-003
  2.7882879e+001  2.0000878e+002  9.5259607e-001  4.3424538e-001  1.0000000e+000  1.8488622e-003
  4.6168094e+001  2.0000002e+002  2.6115504e+000  5.7764481e-002  1.0000000e+000  1.8475334e-003
  1.9708279e+001  2.0000007e+002  4.7589597e-001  1.7395388e+000  1.0000000e+000  1.8443672e-003
  4.9553038e+001  2.0000029e+002  3.0085393e+000  4.3526049e-002  1.0000000e+000  1.8438470e-003
  2.0273984e+001  2.0000000e+002  5.0360809e-001  1.5533599e+000  1.0000000e+000  1.8429101e-003
  4.0011877e+001  2.0000014e+002  1.9615195e+000  1.0239381e-001  1.0000000e+000  1.8417441e-003
  2.0012033e+001  2.0000096e+002  4.9068072e-001  1.6363261e+000  1.0000000e+000  1.8392253e-003
  4.3326184e+001  2.0001497e+002  2.3001060e+000  7.4494506e-002  1.0000000e+000  1.8389137e-003
  3.0318178e+001  2.0000000e+002  1.1262133e+000  3.1061049e-001  1.0000000e+000  1.8383666e-003
  1.9392555e+001  2.0000067e+002  4.6077192e-001  1.8556355e+000  1.0000000e+000  1.8378746e-003
  2.4947122e+001  2.0000000e+002  7.6252728e-001  6.7755832e-001  1.0000000e+000  1.8371687e-003
  2.0504544e+001  2.0000000e+002  5.1512747e-001  1.4846636e+000  1.0000000e+000  1.8342897e-003
  4.0324546e+001  2.0000000e+002  1.9922942e+000  9.9254574e-002  1.0000000e+000  1.8293115e-003
  3.0151892e+001  2.0000332e+002  1.1139118e+000  3.1753516e-001  1.0000000e+000  1.8289539e-003
  2.8545285e+001  2.0000291e+002  9.9836549e-001  3.9528463e-001  1.0000000e+000  1.8274247e-003
  4.8528982e+001  2.0000038e+002  2.8854774e+000  4.7317983e-002  1.0000000e+000  1.8239788e-003
  1.9090078e+001  2.0000066e+002  4.4651011e-001  1.9760685e+000  1.0000000e+000  1.8225145e-003
  2.0030684e+001  2.0000000e+002  4.9159340e-001  1.6302168e+000  1.0000000e+000  1.8214262e-003
  1.9722722e+001  2.0000003e+002  4.7659365e-001  1.7344479e+000  1.0000000e+000  1.8212306e-003
  3.3183962e+001  2.0000142e+002  1.3491929e+000  2.1643366e-001  1.0000000e+000  1.8156238e-003
  2.5029012e+001  2.0000040e+002  7.6754307e-001  6.6873847e-001  1.0000000e+000  1.8123148e-003
